  0.000000000000000E+000  0.000000000000000E+000  -1.88085165796385     
  0.000000000000000E+000  0.300499995549520       -1.82924789679571     
  0.000000000000000E+000  0.600999991099040       -1.51389613476400     
  0.000000000000000E+000  0.901499986648560       -1.15050404578353     
  0.000000000000000E+000   1.20199998219808      -0.862376714781120     
  0.000000000000000E+000   1.50249997774760      -0.648846644138650     
  0.000000000000000E+000   1.80299997329712      -0.488355158052998     
  0.000000000000000E+000   2.10349996884664      -0.362670614392541     
  0.000000000000000E+000   2.40399996439616      -0.257318069952391     
  0.000000000000000E+000   2.70449995994568      -0.166064097646380     
  0.000000000000000E+000   3.00499995549520      -9.063405059776179E-002
  0.000000000000000E+000   3.30549995104472      -3.965966246031856E-002
  0.000000000000000E+000   3.60599994659424      -8.296871667027084E-003
  0.000000000000000E+000   3.90649994214376       1.633723539366971E-002
  0.000000000000000E+000   4.20699993769328       2.635360114733622E-002
  0.000000000000000E+000   4.50749993324280       2.628599967717461E-002
  0.000000000000000E+000   4.80799992879232       2.478000472051476E-002
  0.000000000000000E+000   5.10849992434184       2.681338351797766E-002
  0.000000000000000E+000   5.40899991989136       3.236199376160818E-002
  0.000000000000000E+000   5.70949991544088       3.953291486959000E-002
  0.000000000000000E+000   6.00999991099040       4.888204417939560E-002
  0.000000000000000E+000   6.31049990653992       6.261388387359729E-002
  0.000000000000000E+000   6.61099990208944       8.211785805632359E-002
  0.000000000000000E+000   6.91149989763896       9.828060133076162E-002
  0.000000000000000E+000   7.21199989318848       0.102425069691249     
  0.300499995549520       0.000000000000000E+000  -1.82924310956589     
  0.300499995549520       0.300499995549520       -1.68214767445771     
  0.300499995549520       0.600999991099040       -1.39522701677808     
  0.300499995549520       0.901499986648560       -1.08500380693250     
  0.300499995549520        1.20199998219808      -0.826877104239113     
  0.300499995549520        1.50249997774760      -0.628743359321277     
  0.300499995549520        1.80299997329712      -0.476958054307870     
  0.300499995549520        2.10349996884664      -0.357007374187748     
  0.300499995549520        2.40399996439616      -0.256714949648702     
  0.300499995549520        2.70449995994568      -0.169895053185932     
  0.300499995549520        3.00499995549520      -9.875252539589030E-002
  0.300499995549520        3.30549995104472      -4.948222376926907E-002
  0.300499995549520        3.60599994659424      -1.924724133385254E-002
  0.300499995549520        3.90649994214376       5.477063369301404E-003
  0.300499995549520        4.20699993769328       1.766918490621985E-002
  0.300499995549520        4.50749993324280       2.018259539111011E-002
  0.300499995549520        4.80799992879232       2.044967458503309E-002
  0.300499995549520        5.10849992434184       2.374142213427319E-002
  0.300499995549520        5.40899991989136       2.988192001340005E-002
  0.300499995549520        5.70949991544088       3.715753143831249E-002
  0.300499995549520        6.00999991099040       4.616144842028962E-002
  0.300499995549520        6.31049990653992       5.852596922103784E-002
  0.300499995549520        6.61099990208944       7.516594355985858E-002
  0.300499995549520        6.91149989763896       9.146472469518892E-002
  0.300499995549520        7.21199989318848       9.968874898733261E-002
  0.600999991099040       0.000000000000000E+000  -1.51389284944917     
  0.600999991099040       0.300499995549520       -1.39522559142055     
  0.600999991099040       0.600999991099040       -1.17003942508567     
  0.600999991099040       0.901499986648560      -0.941712428854358     
  0.600999991099040        1.20199998219808      -0.741629612782254     
  0.600999991099040        1.50249997774760      -0.578324383287500     
  0.600999991099040        1.80299997329712      -0.447655393600522     
  0.600999991099040        2.10349996884664      -0.342035539937176     
  0.600999991099040        2.40399996439616      -0.254022539352975     
  0.600999991099040        2.70449995994568      -0.177910331563239     
  0.600999991099040        3.00499995549520      -0.115889757812185     
  0.600999991099040        3.30549995104472      -7.020056697369303E-002
  0.600999991099040        3.60599994659424      -3.866981295635470E-002
  0.600999991099040        3.90649994214376      -1.540565668639557E-002
  0.600999991099040        4.20699993769328      -8.976269046717254E-004
  0.600999991099040        4.50749993324280       6.262909708371076E-003
  0.600999991099040        4.80799992879232       1.041926751859769E-002
  0.600999991099040        5.10849992434184       1.646071560543948E-002
  0.600999991099040        5.40899991989136       2.368857004044056E-002
  0.600999991099040        5.70949991544088       3.126598039639622E-002
  0.600999991099040        6.00999991099040       3.964615647288783E-002
  0.600999991099040        6.31049990653992       4.981908813102254E-002
  0.600999991099040        6.61099990208944       6.256229490474623E-002
  0.600999991099040        6.91149989763896       7.679191431352436E-002
  0.600999991099040        7.21199989318848       8.422913496442483E-002
  0.901499986648560       0.000000000000000E+000  -1.15050299773477     
  0.901499986648560       0.300499995549520       -1.08500312392245     
  0.901499986648560       0.600999991099040      -0.941712170569754     
  0.901499986648560       0.901499986648560      -0.783831866075843     
  0.901499986648560        1.20199998219808      -0.638087155290194     
  0.901499986648560        1.50249997774760      -0.512495325020858     
  0.901499986648560        1.80299997329712      -0.407446678304980     
  0.901499986648560        2.10349996884664      -0.320057559369743     
  0.901499986648560        2.40399996439616      -0.246589228066156     
  0.901499986648560        2.70449995994568      -0.183880071783126     
  0.901499986648560        3.00499995549520      -0.131612073073487     
  0.901499986648560        3.30549995104472      -9.093206313483358E-002
  0.901499986648560        3.60599994659424      -6.031152515109972E-002
  0.901499986648560        3.90649994214376      -3.730129520561724E-002
  0.901499986648560        4.20699993769328      -2.095163045867449E-002
  0.901499986648560        4.50749993324280      -1.008518697139672E-002
  0.901499986648560        4.80799992879232      -1.652309359412484E-003
  0.901499986648560        5.10849992434184       6.642092147988234E-003
  0.901499986648560        5.40899991989136       1.507006089816953E-002
  0.901499986648560        5.70949991544088       2.312845419421650E-002
  0.901499986648560        6.00999991099040       3.125252551894820E-002
  0.901499986648560        6.31049990653992       4.000306566124727E-002
  0.901499986648560        6.61099990208944       4.965569801255965E-002
  0.901499986648560        6.91149989763896       5.892273508517631E-002
  0.901499986648560        7.21199989318848       6.296737642507597E-002
   1.20199998219808       0.000000000000000E+000 -0.862376733329562     
   1.20199998219808       0.300499995549520      -0.826877031769899     
   1.20199998219808       0.600999991099040      -0.741629374911166     
   1.20199998219808       0.901499986648560      -0.638086889882369     
   1.20199998219808        1.20199998219808      -0.535958582808691     
   1.20199998219808        1.50249997774760      -0.443525862425304     
   1.20199998219808        1.80299997329712      -0.363012673591638     
   1.20199998219808        2.10349996884664      -0.293742857642848     
   1.20199998219808        2.40399996439616      -0.234422016707224     
   1.20199998219808        2.70449995994568      -0.183857484862407     
   1.20199998219808        3.00499995549520      -0.141172757990229     
   1.20199998219808        3.30549995104472      -0.105984968076091     
   1.20199998219808        3.60599994659424      -7.775966893017289E-002
   1.20199998219808        3.90649994214376      -5.542312585841862E-002
   1.20199998219808        4.20699993769328      -3.810085368238112E-002
   1.20199998219808        4.50749993324280      -2.458138530216529E-002
   1.20199998219808        4.80799992879232      -1.350782110963474E-002
   1.20199998219808        5.10849992434184      -3.760165917807713E-003
   1.20199998219808        5.40899991989136       5.427057608799148E-003
   1.20199998219808        5.70949991544088       1.408460810104351E-002
   1.20199998219808        6.00999991099040       2.238176466066416E-002
   1.20199998219808        6.31049990653992       3.052570382420168E-002
   1.20199998219808        6.61099990208944       3.829613285155672E-002
   1.20199998219808        6.91149989763896       4.452387694986792E-002
   1.20199998219808        7.21199989318848       4.697051118784729E-002
   1.50249997774760       0.000000000000000E+000 -0.648847071385952     
   1.50249997774760       0.300499995549520      -0.628743607372939     
   1.50249997774760       0.600999991099040      -0.578324142867526     
   1.50249997774760       0.901499986648560      -0.512494687672808     
   1.50249997774760        1.20199998219808      -0.443525256695616     
   1.50249997774760        1.50249997774760      -0.378089792902256     
   1.50249997774760        1.80299997329712      -0.318571611731019     
   1.50249997774760        2.10349996884664      -0.265504642643008     
   1.50249997774760        2.40399996439616      -0.218965547690566     
   1.50249997774760        2.70449995994568      -0.178569786539599     
   1.50249997774760        3.00499995549520      -0.143767869286858     
   1.50249997774760        3.30549995104472      -0.114051227626842     
   1.50249997774760        3.60599994659424      -8.893953038229277E-002
   1.50249997774760        3.90649994214376      -6.794301442856751E-002
   1.50249997774760        4.20699993769328      -5.056036585238188E-002
   1.50249997774760        4.50749993324280      -3.619286976600556E-002
   1.50249997774760        4.80799992879232      -2.411196978814393E-002
   1.50249997774760        5.10849992434184      -1.355461135015880E-002
   1.50249997774760        5.40899991989136      -3.864310482553957E-003
   1.50249997774760        5.70949991544088       5.338520640082623E-003
   1.50249997774760        6.00999991099040       1.408520639489027E-002
   1.50249997774760        6.31049990653992       2.225152896299357E-002
   1.50249997774760        6.61099990208944       2.935298588678319E-002
   1.50249997774760        6.91149989763896       3.446093442708566E-002
   1.50249997774760        7.21199989318848       3.649116665685639E-002
   1.80299997329712       0.000000000000000E+000 -0.488356057141089     
   1.80299997329712       0.300499995549520      -0.476958762051116     
   1.80299997329712       0.600999991099040      -0.447655301737506     
   1.80299997329712       0.901499986648560      -0.407445690700494     
   1.80299997329712        1.20199998219808      -0.363011248708536     
   1.80299997329712        1.50249997774760      -0.318570507281113     
   1.80299997329712        1.80299997329712      -0.276213573748461     
   1.80299997329712        2.10349996884664      -0.237089476155707     
   1.80299997329712        2.40399996439616      -0.201654611706172     
   1.80299997329712        2.70449995994568      -0.169909102462908     
   1.80299997329712        3.00499995549520      -0.141647697797389     
   1.80299997329712        3.30549995104472      -0.116638207828734     
   1.80299997329712        3.60599994659424      -9.468665598593007E-002
   1.80299997329712        3.90649994214376      -7.561869828432352E-002
   1.80299997329712        4.20699993769328      -5.921666067427806E-002
   1.80299997329712        4.50749993324280      -4.514613492557378E-002
   1.80299997329712        4.80799992879232      -3.292619921060067E-002
   1.80299997329712        5.10849992434184      -2.198580573200002E-002
   1.80299997329712        5.40899991989136      -1.179783064326259E-002
   1.80299997329712        5.70949991544088      -2.039195857889255E-003
   1.80299997329712        6.00999991099040       7.309858274508287E-003
   1.80299997329712        6.31049990653992       1.595821713651958E-002
   1.80299997329712        6.61099990208944       2.323315184180883E-002
   1.80299997329712        6.91149989763896       2.827605069024381E-002
   1.80299997329712        7.21199989318848       3.036706955007280E-002
   2.10349996884664       0.000000000000000E+000 -0.362672573817094     
   2.10349996884664       0.300499995549520      -0.357009141684024     
   2.10349996884664       0.600999991099040      -0.342036068403326     
   2.10349996884664       0.901499986648560      -0.320056472294322     
   2.10349996884664        1.20199998219808      -0.293740530333475     
   2.10349996884664        1.50249997774760      -0.265502047313110     
   2.10349996884664        1.80299997329712      -0.237087758365292     
   2.10349996884664        2.10349996884664      -0.209563155572747     
   2.10349996884664        2.40399996439616      -0.183467439442182     
   2.10349996884664        2.70449995994568      -0.159026998309170     
   2.10349996884664        3.00499995549520      -0.136344361641041     
   2.10349996884664        3.30549995104472      -0.115508665579963     
   2.10349996884664        3.60599994659424      -9.661794791192697E-002
   2.10349996884664        3.90649994214376      -7.972795678445206E-002
   2.10349996884664        4.20699993769328      -6.477533759449403E-002
   2.10349996884664        4.50749993324280      -5.153382991294850E-002
   2.10349996884664        4.80799992879232      -3.961746557625226E-002
   2.10349996884664        5.10849992434184      -2.854563493309493E-002
   2.10349996884664        5.40899991989136      -1.787643075626448E-002
   2.10349996884664        5.70949991544088      -7.364866061693649E-003
   2.10349996884664        6.00999991099040       2.910426801535898E-003
   2.10349996884664        6.31049990653992       1.248759519040434E-002
   2.10349996884664        6.61099990208944       2.054875028964409E-002
   2.10349996884664        6.91149989763896       2.609525249144194E-002
   2.10349996884664        7.21199989318848       2.840208437260601E-002
   2.40399996439616       0.000000000000000E+000 -0.257321878850117     
   2.40399996439616       0.300499995549520      -0.256718608604484     
   2.40399996439616       0.600999991099040      -0.254024339719676     
   2.40399996439616       0.901499986648560      -0.246588293175916     
   2.40399996439616        1.20199998219808      -0.234418774797121     
   2.40399996439616        1.50249997774760      -0.218961343848902     
   2.40399996439616        1.80299997329712      -0.201650981303929     
   2.40399996439616        2.10349996884664      -0.183465464474982     
   2.40399996439616        2.40399996439616      -0.164993374964173     
   2.40399996439616        2.70449995994568      -0.146630133534497     
   2.40399996439616        3.00499995549520      -0.128724200088806     
   2.40399996439616        3.30549995104472      -0.111622714670472     
   2.40399996439616        3.60599994659424      -9.563998660719515E-002
   2.40399996439616        3.90649994214376      -8.097694725744731E-002
   2.40399996439616        4.20699993769328      -6.764407209254986E-002
   2.40399996439616        4.50749993324280      -5.545120214120271E-002
   2.40399996439616        4.80799992879232      -4.404138673832917E-002
   2.40399996439616        5.10849992434184      -3.296537022318252E-002
   2.40399996439616        5.40899991989136      -2.181054202094573E-002
   2.40399996439616        5.70949991544088      -1.034769693003970E-002
   2.40399996439616        6.00999991099040       1.328224733825492E-003
   2.40399996439616        6.31049990653992       1.264857084735964E-002
   2.40399996439616        6.61099990208944       2.243352517409667E-002
   2.40399996439616        6.91149989763896       2.908159059410622E-002
   2.40399996439616        7.21199989318848       3.152694261726714E-002
   2.70449995994568       0.000000000000000E+000 -0.166071280787702     
   2.70449995994568       0.300499995549520      -0.169902168868771     
   2.70449995994568       0.600999991099040      -0.177914622271397     
   2.70449995994568       0.901499986648560      -0.183879985921021     
   2.70449995994568        1.20199998219808      -0.183853648308289     
   2.70449995994568        1.50249997774760      -0.178564193620465     
   2.70449995994568        1.80299997329712      -0.169903789855193     
   2.70449995994568        2.10349996884664      -0.159023324132119     
   2.70449995994568        2.40399996439616      -0.146628488471985     
   2.70449995994568        2.70449995994568      -0.133259210528027     
   2.70449995994568        3.00499995549520      -0.119439331598048     
   2.70449995994568        3.30549995104472      -0.105682967267390     
   2.70449995994568        3.60599994659424      -9.242041542944737E-002
   2.70449995994568        3.90649994214376      -7.991449141969729E-002
   2.70449995994568        4.20699993769328      -6.820593184049276E-002
   2.70449995994568        4.50749993324280      -5.711630391476690E-002
   2.70449995994568        4.80799992879232      -4.628944236481620E-002
   2.70449995994568        5.10849992434184      -3.527179010990475E-002
   2.70449995994568        5.40899991989136      -2.362176432423690E-002
   2.70449995994568        5.70949991544088      -1.101066275972833E-002
   2.70449995994568        6.00999991099040       2.669948231558572E-003
   2.70449995994568        6.31049990653992       1.705388617194774E-002
   2.70449995994568        6.61099990208944       3.007152878642139E-002
   2.70449995994568        6.91149989763896       3.829195223198245E-002
   2.70449995994568        7.21199989318848       4.048371273617618E-002
   3.00499995549520       0.000000000000000E+000 -9.064579175547199E-002
   3.00499995549520       0.300499995549520      -9.876463561816207E-002
   3.00499995549520       0.600999991099040      -0.115897776437445     
   3.00499995549520       0.901499986648560      -0.131613579926533     
   3.00499995549520        1.20199998219808      -0.141168736489011     
   3.00499995549520        1.50249997774760      -0.143761257612095     
   3.00499995549520        1.80299997329712      -0.141641148153804     
   3.00499995549520        2.10349996884664      -0.136339507689127     
   3.00499995549520        2.40399996439616      -0.128721499496671     
   3.00499995549520        2.70449995994568      -0.119438350300604     
   3.00499995549520        3.00499995549520      -0.109118053867234     
   3.00499995549520        3.30549995104472      -9.835440117491139E-002
   3.00499995549520        3.60599994659424      -8.759641207493554E-002
   3.00499995549520        3.90649994214376      -7.709659098591133E-002
   3.00499995549520        4.20699993769328      -6.691617155495282E-002
   3.00499995549520        4.50749993324280      -5.689790741057613E-002
   3.00499995549520        4.80799992879232      -4.668118166625273E-002
   3.00499995549520        5.10849992434184      -3.579085080426068E-002
   3.00499995549520        5.40899991989136      -2.371165428753585E-002
   3.00499995549520        5.70949991544088      -9.885382648791238E-003
   3.00499995549520        6.00999991099040       6.373137701998307E-003
   3.00499995549520        6.31049990653992       2.514618003330822E-002
   3.00499995549520        6.61099990208944       4.235074316636590E-002
   3.00499995549520        6.91149989763896       5.242185692478690E-002
   3.00499995549520        7.21199989318848       5.359080451041481E-002
   3.30549995104472       0.000000000000000E+000 -3.967356544736377E-002
   3.30549995104472       0.300499995549520      -4.949797888127893E-002
   3.30549995104472       0.600999991099040      -7.021126667920911E-002
   3.30549995104472       0.901499986648560      -9.093440605969526E-002
   3.30549995104472        1.20199998219808      -0.105980692268476     
   3.30549995104472        1.50249997774760      -0.114043866241931     
   3.30549995104472        1.80299997329712      -0.116630850950546     
   3.30549995104472        2.10349996884664      -0.115503105270111     
   3.30549995104472        2.40399996439616      -0.111619437151148     
   3.30549995104472        2.70449995994568      -0.105681494864934     
   3.30549995104472        3.00499995549520      -9.835393704242042E-002
   3.30549995104472        3.30549995104472      -9.024120479192474E-002
   3.30549995104472        3.60599994659424      -8.173978707262970E-002
   3.30549995104472        3.90649994214376      -7.304269793699059E-002
   3.30549995104472        4.20699993769328      -6.424563734418012E-002
   3.30549995104472        4.50749993324280      -5.523871257797573E-002
   3.30549995104472        4.80799992879232      -4.566821698176820E-002
   3.30549995104472        5.10849992434184      -3.504390658135698E-002
   3.30549995104472        5.40899991989136      -2.277717468558837E-002
   3.30549995104472        5.70949991544088      -8.047051218382444E-003
   3.30549995104472        6.00999991099040       1.065266709920764E-002
   3.30549995104472        6.31049990653992       3.330662636309319E-002
   3.30549995104472        6.61099990208944       5.498185461642461E-002
   3.30549995104472        6.91149989763896       6.686731992861623E-002
   3.30549995104472        7.21199989318848       6.662820658125629E-002
   3.60599994659424       0.000000000000000E+000 -8.308740726862742E-003
   3.60599994659424       0.300499995549520      -1.926114761777874E-002
   3.60599994659424       0.600999991099040      -3.867850521251980E-002
   3.60599994659424       0.901499986648560      -6.031233115303279E-002
   3.60599994659424        1.20199998219808      -7.775441806662398E-002
   3.60599994659424        1.50249997774760      -8.893157889198276E-002
   3.60599994659424        1.80299997329712      -9.467886161123081E-002
   3.60599994659424        2.10349996884664      -9.661202941361137E-002
   3.60599994659424        2.40399996439616      -9.563639401069270E-002
   3.60599994659424        2.70449995994568      -9.241863928444842E-002
   3.60599994659424        3.00499995549520      -8.759563015409111E-002
   3.60599994659424        3.30549995104472      -8.173944900637171E-002
   3.60599994659424        3.60599994659424      -7.518882964240385E-002
   3.60599994659424        3.90649994214376      -6.808662730473891E-002
   3.60599994659424        4.20699993769328      -6.055696660406340E-002
   3.60599994659424        4.50749993324280      -5.253329178829189E-002
   3.60599994659424        4.80799992879232      -4.368874210805656E-002
   3.60599994659424        5.10849992434184      -3.355437546050599E-002
   3.60599994659424        5.40899991989136      -2.154052496685721E-002
   3.60599994659424        5.70949991544088      -6.738735372183390E-003
   3.60599994659424        6.00999991099040       1.267384370399682E-002
   3.60599994659424        6.31049990653992       3.653768432874115E-002
   3.60599994659424        6.61099990208944       5.982215279066657E-002
   3.60599994659424        6.91149989763896       7.285334747550146E-002
   3.60599994659424        7.21199989318848       7.782451150986901E-002
   3.90649994214376       0.000000000000000E+000  1.632796382367074E-002
   3.90649994214376       0.300499995549520       5.470501893006709E-003
   3.90649994214376       0.600999991099040      -1.540847378690695E-002
   3.90649994214376       0.901499986648560      -3.729897091761624E-002
   3.90649994214376        1.20199998219808      -5.541672766790140E-002
   3.90649994214376        1.50249997774760      -6.793485681262339E-002
   3.90649994214376        1.80299997329712      -7.561093810901656E-002
   3.90649994214376        2.10349996884664      -7.972205920186380E-002
   3.90649994214376        2.40399996439616      -8.097327840135971E-002
   3.90649994214376        2.70449995994568      -7.991253285205809E-002
   3.90649994214376        3.00499995549520      -7.709553749500514E-002
   3.90649994214376        3.30549995104472      -7.304201890511937E-002
   3.90649994214376        3.60599994659424      -6.808624074912252E-002
   3.90649994214376        3.90649994214376      -6.239121114742688E-002
   3.90649994214376        4.20699993769328      -5.606196016510457E-002
   3.90649994214376        4.50749993324280      -4.903386450301986E-002
   3.90649994214376        4.80799992879232      -4.102636273809078E-002
   3.90649994214376        5.10849992434184      -3.164182138218452E-002
   3.90649994214376        5.40899991989136      -2.039555919812218E-002
   3.90649994214376        5.70949991544088      -6.579586760347798E-003
   3.90649994214376        6.00999991099040       1.115042691165375E-002
   3.90649994214376        6.31049990653992       3.255497172259337E-002
   3.90649994214376        6.61099990208944       5.271831848672357E-002
   3.90649994214376        6.91149989763896       6.375800831713602E-002
   3.90649994214376        7.21199989318848       6.533856409676950E-002
   4.20699993769328       0.000000000000000E+000  2.634926707509102E-002
   4.20699993769328       0.300499995549520       1.766762915876595E-002
   4.20699993769328       0.600999991099040      -8.965175130690210E-004
   4.20699993769328       0.901499986648560      -2.094751018784981E-002
   4.20699993769328        1.20199998219808      -3.809441328733067E-002
   4.20699993769328        1.50249997774760      -5.055283313594296E-002
   4.20699993769328        1.80299997329712      -5.920966158967592E-002
   4.20699993769328        2.10349996884664      -6.477007257126408E-002
   4.20699993769328        2.40399996439616      -6.764082427333042E-002
   4.20699993769328        2.70449995994568      -6.820420390364756E-002
   4.20699993769328        3.00499995549520      -6.691520689014842E-002
   4.20699993769328        3.30549995104472      -6.424493240733808E-002
   4.20699993769328        3.60599994659424      -6.055644563312329E-002
   4.20699993769328        3.90649994214376      -5.606174191284291E-002
   4.20699993769328        4.20699993769328      -5.084001767299913E-002
   4.20699993769328        4.50749993324280      -4.480985145999653E-002
   4.20699993769328        4.80799992879232      -3.773779569064686E-002
   4.20699993769328        5.10849992434184      -2.931925335658616E-002
   4.20699993769328        5.40899991989136      -1.923413843601995E-002
   4.20699993769328        5.70949991544088      -7.125980167136860E-003
   4.20699993769328        6.00999991099040       7.468425931323359E-003
   4.20699993769328        6.31049990653992       2.435875867262244E-002
   4.20699993769328        6.61099990208944       3.962171711188272E-002
   4.20699993769328        6.91149989763896       4.872928909431824E-002
   4.20699993769328        7.21199989318848       5.116439731332583E-002
   4.50749993324280       0.000000000000000E+000  2.628234149513991E-002
   4.50749993324280       0.300499995549520       2.018117252620771E-002
   4.50749993324280       0.600999991099040       6.263858999892634E-003
   4.50749993324280       0.901499986648560      -1.008201293467117E-002
   4.50749993324280        1.20199998219808      -2.457636817139072E-002
   4.50749993324280        1.50249997774760      -3.618699918169668E-002
   4.50749993324280        1.80299997329712      -4.514079739463386E-002
   4.50749993324280        2.10349996884664      -5.153003970989730E-002
   4.50749993324280        2.40399996439616      -5.544919484810944E-002
   4.50749993324280        2.70449995994568      -5.711562828075359E-002
   4.50749993324280        3.00499995549520      -5.689786058800404E-002
   4.50749993324280        3.30549995104472      -5.523879239469202E-002
   4.50749993324280        3.60599994659424      -5.253337846588978E-002
   4.50749993324280        3.90649994214376      -4.903404889094467E-002
   4.50749993324280        4.20699993769328      -4.481010172869212E-002
   4.50749993324280        4.50749993324280      -3.976433017477128E-002
   4.50749993324280        4.80799992879232      -3.369051619367561E-002
   4.50749993324280        5.10849992434184      -2.635897367268819E-002
   4.50749993324280        5.40899991989136      -1.760038708589999E-002
   4.50749993324280        5.70949991544088      -7.360204965696730E-003
   4.50749993324280        6.00999991099040       4.232930361315784E-003
   4.50749993324280        6.31049990653992       1.663338381085415E-002
   4.50749993324280        6.61099990208944       2.785444550764126E-002
   4.50749993324280        6.91149989763896       3.516168332362991E-002
   4.50749993324280        7.21199989318848       3.787497357152241E-002
   4.80799992879232       0.000000000000000E+000  2.477456876802637E-002
   4.80799992879232       0.300499995549520       2.044591050609925E-002
   4.80799992879232       0.600999991099040       1.041773951544902E-002
   4.80799992879232       0.901499986648560      -1.651516148713431E-003
   4.80799992879232        1.20199998219808      -1.350518652765606E-002
   4.80799992879232        1.50249997774760      -2.410856211840556E-002
   4.80799992879232        1.80299997329712      -3.292327588539330E-002
   4.80799992879232        2.10349996884664      -3.961593328604480E-002
   4.80799992879232        2.40399996439616      -4.404147483472690E-002
   4.80799992879232        2.70449995994568      -4.629075462668621E-002
   4.80799992879232        3.00499995549520      -4.668304491941584E-002
   4.80799992879232        3.30549995104472      -4.567007776852505E-002
   4.80799992879232        3.60599994659424      -4.369036675925676E-002
   4.80799992879232        3.90649994214376      -4.102774608069948E-002
   4.80799992879232        4.20699993769328      -3.773891217005395E-002
   4.80799992879232        4.50749993324280      -3.369118288653849E-002
   4.80799992879232        4.80799992879232      -2.866297414135548E-002
   4.80799992879232        5.10849992434184      -2.245682996139392E-002
   4.80799992879232        5.40899991989136      -1.500154153509397E-002
   4.80799992879232        5.70949991544088      -6.421667863941547E-003
   4.80799992879232        6.00999991099040       2.906182972820649E-003
   4.80799992879232        6.31049990653992       1.226562567237786E-002
   4.80799992879232        6.61099990208944       2.051089060267608E-002
   4.80799992879232        6.91149989763896       2.628117551961608E-002
   4.80799992879232        7.21199989318848       2.874524890421580E-002
   5.10849992434184       0.000000000000000E+000  2.680578210193062E-002
   5.10849992434184       0.300499995549520       2.373506465962252E-002
   5.10849992434184       0.600999991099040       1.645643481901103E-002
   5.10849992434184       0.901499986648560       6.640203265772692E-003
   5.10849992434184        1.20199998219808      -3.760206446644877E-003
   5.10849992434184        1.50249997774760      -1.355388885998865E-002
   5.10849992434184        1.80299997329712      -2.198552059131219E-002
   5.10849992434184        2.10349996884664      -2.854665651057705E-002
   5.10849992434184        2.40399996439616      -3.296795369976693E-002
   5.10849992434184        2.70449995994568      -3.527558469703430E-002
   5.10849992434184        3.00499995549520      -3.579516942118737E-002
   5.10849992434184        3.30549995104472      -3.504808374548368E-002
   5.10849992434184        3.60599994659424      -3.355800569686091E-002
   5.10849992434184        3.90649994214376      -3.164476313279949E-002
   5.10849992434184        4.20699993769328      -2.932146742166567E-002
   5.10849992434184        4.50749993324280      -2.636040048314348E-002
   5.10849992434184        4.80799992879232      -2.245744467251710E-002
   5.10849992434184        5.10849992434184      -1.739275561617492E-002
   5.10849992434184        5.40899991989136      -1.113819039877174E-002
   5.10849992434184        5.70949991544088      -3.901093580771292E-003
   5.10849992434184        6.00999991099040       3.873708293098561E-003
   5.10849992434184        6.31049990653992       1.151467566165492E-002
   5.10849992434184        6.61099990208944       1.815192620049320E-002
   5.10849992434184        6.91149989763896       2.283952998850597E-002
   5.10849992434184        7.21199989318848       2.492747075858492E-002
   5.40899991989136       0.000000000000000E+000  3.235355162097833E-002
   5.40899991989136       0.300499995549520       2.987428625302414E-002
   5.40899991989136       0.600999991099040       2.368252745355995E-002
   5.40899991989136       0.901499986648560       1.506597119593299E-002
   5.40899991989136        1.20199998219808       5.424724293241348E-003
   5.40899991989136        1.50249997774760      -3.865770037703904E-003
   5.40899991989136        1.80299997329712      -1.179965662695072E-002
   5.40899991989136        2.10349996884664      -1.787952025659563E-002
   5.40899991989136        2.40399996439616      -2.181518756322476E-002
   5.40899991989136        2.70449995994568      -2.362763226327890E-002
   5.40899991989136        3.00499995549520      -2.371798953532598E-002
   5.40899991989136        3.30549995104472      -2.278314536653367E-002
   5.40899991989136        3.60599994659424      -2.154554002096916E-002
   5.40899991989136        3.90649994214376      -2.039938626188814E-002
   5.40899991989136        4.20699993769328      -1.923679113248080E-002
   5.40899991989136        4.50749993324280      -1.760196264852262E-002
   5.40899991989136        4.80799992879232      -1.500219622910276E-002
   5.40899991989136        5.10849992434184      -1.113824051737538E-002
   5.40899991989136        5.40899991989136      -5.990057498702869E-003
   5.40899991989136        5.70949991544088       1.985627443144653E-004
   5.40899991989136        6.00999991099040       6.980183988296342E-003
   5.40899991989136        6.31049990653992       1.370325863807467E-002
   5.40899991989136        6.61099990208944       1.957391695136610E-002
   5.40899991989136        6.91149989763896       2.376043866675628E-002
   5.40899991989136        7.21199989318848       2.556341507933986E-002
   5.70949991544088       0.000000000000000E+000  3.952531412453438E-002
   5.70949991544088       0.300499995549520       3.715036031339739E-002
   5.70949991544088       0.600999991099040       3.125979832258274E-002
   5.70949991544088       0.901499986648560       2.312371636278664E-002
   5.70949991544088        1.20199998219808       1.408132418163623E-002
   5.70949991544088        1.50249997774760       5.336068299375107E-003
   5.70949991544088        1.80299997329712      -2.041923329602768E-003
   5.70949991544088        2.10349996884664      -7.368802369132561E-003
   5.70949991544088        2.40399996439616      -1.035314258337599E-002
   5.70949991544088        2.70449995994568      -1.101725214389317E-002
   5.70949991544088        3.00499995549520      -9.892219459070612E-003
   5.70949991544088        3.30549995104472      -8.053057496009222E-003
   5.70949991544088        3.60599994659424      -6.743158120136099E-003
   5.70949991544088        3.90649994214376      -6.582313373687005E-003
   5.70949991544088        4.20699993769328      -7.127331021478908E-003
   5.70949991544088        4.50749993324280      -7.360540027812324E-003
   5.70949991544088        4.80799992879232      -6.421280093947205E-003
   5.70949991544088        5.10849992434184      -3.900322529366026E-003
   5.70949991544088        5.40899991989136       1.992439086514210E-004
   5.70949991544088        5.70949991544088       5.582143828088504E-003
   5.70949991544088        6.00999991099040       1.172660794671064E-002
   5.70949991544088        6.31049990653992       1.803555754617437E-002
   5.70949991544088        6.61099990208944       2.378218375331110E-002
   5.70949991544088        6.91149989763896       2.802878858796198E-002
   5.70949991544088        7.21199989318848       2.977394162057412E-002
   6.00999991099040       0.000000000000000E+000  4.887692829768989E-002
   6.00999991099040       0.300499995549520       4.615627116311771E-002
   6.00999991099040       0.600999991099040       3.964120418188159E-002
   6.00999991099040       0.901499986648560       3.124849653787439E-002
   6.00999991099040        1.20199998219808       2.237897209426042E-002
   6.00999991099040        1.50249997774760       1.408324715656981E-002
   6.00999991099040        1.80299997329712       7.307764649958917E-003
   6.00999991099040        2.10349996884664       2.907203475840146E-003
   6.00999991099040        2.40399996439616       1.323638858544451E-003
   6.00999991099040        2.70449995994568       2.664445954426786E-003
   6.00999991099040        3.00499995549520       6.367865724112300E-003
   6.00999991099040        3.30549995104472       1.064924682229521E-002
   6.00999991099040        3.60599994659424       1.267329607058341E-002
   6.00999991099040        3.90649994214376       1.115217405057605E-002
   6.00999991099040        4.20699993769328       7.471068192121486E-003
   6.00999991099040        4.50749993324280       4.235689913931048E-003
   6.00999991099040        4.80799992879232       2.908854453435306E-003
   6.00999991099040        5.10849992434184       3.876179103153572E-003
   6.00999991099040        5.40899991989136       6.982235490579108E-003
   6.00999991099040        5.70949991544088       1.172779640976889E-002
   6.00999991099040        6.00999991099040       1.756175172304352E-002
   6.00999991099040        6.31049990653992       2.397175003746306E-002
   6.00999991099040        6.61099990208944       3.032224829649114E-002
   6.00999991099040        6.91149989763896       3.548792288382560E-002
   6.00999991099040        7.21199989318848       3.761018201372610E-002
   6.31049990653992       0.000000000000000E+000  6.261238547987555E-002
   6.31049990653992       0.300499995549520       5.852353094565400E-002
   6.31049990653992       0.600999991099040       4.981576249204017E-002
   6.31049990653992       0.901499986648560       4.000028512403047E-002
   6.31049990653992        1.20199998219808       3.052418483916296E-002
   6.31049990653992        1.50249997774760       2.225103100874249E-002
   6.31049990653992        1.80299997329712       1.595790044918846E-002
   6.31049990653992        2.10349996884664       1.248642735837233E-002
   6.31049990653992        2.40399996439616       1.264628067937662E-002
   6.31049990653992        2.70449995994568       1.705093573418649E-002
   6.31049990653992        3.00499995549520       2.514407333320545E-002
   6.31049990653992        3.30549995104472       3.330822783449641E-002
   6.31049990653992        3.60599994659424       3.654453489361240E-002
   6.31049990653992        3.90649994214376       3.256497002436161E-002
   6.31049990653992        4.20699993769328       2.436839763052476E-002
   6.31049990653992        4.50749993324280       1.664094830954334E-002
   6.31049990653992        4.80799992879232       1.227140054800215E-002
   6.31049990653992        5.10849992434184       1.151930313028687E-002
   6.31049990653992        5.40899991989136       1.370692176407090E-002
   6.31049990653992        5.70949991544088       1.803798832724537E-002
   6.31049990653992        6.00999991099040       2.397282508559854E-002
   6.31049990653992        6.31049990653992       3.108617756991406E-002
   6.31049990653992        6.61099990208944       3.891951127517865E-002
   6.31049990653992        6.91149989763896       4.636672377996397E-002
   6.31049990653992        7.21199989318848       4.987409861741043E-002
   6.61099990208944       0.000000000000000E+000  8.211929577854332E-002
   6.61099990208944       0.300499995549520       7.516476930538100E-002
   6.61099990208944       0.600999991099040       6.255926156524845E-002
   6.61099990208944       0.901499986648560       4.965361064263223E-002
   6.61099990208944        1.20199998219808       3.829578476312451E-002
   6.61099990208944        1.50249997774760       2.935407764207098E-002
   6.61099990208944        1.80299997329712       2.323492648495814E-002
   6.61099990208944        2.10349996884664       2.055029603708519E-002
   6.61099990208944        2.40399996439616       2.243433649618724E-002
   6.61099990208944        2.70449995994568       3.007192408778600E-002
   6.61099990208944        3.00499995549520       4.235261910048549E-002
   6.61099990208944        3.30549995104472       5.498920453815620E-002
   6.61099990208944        3.60599994659424       5.983760666667963E-002
   6.61099990208944        3.90649994214376       5.273755657676202E-002
   6.61099990208944        4.20699993769328       3.963840074772473E-002
   6.61099990208944        4.50749993324280       2.786674157198966E-002
   6.61099990208944        4.80799992879232       2.051952382735511E-002
   6.61099990208944        5.10849992434184       1.815838178998899E-002
   6.61099990208944        5.40899991989136       1.957878104696346E-002
   6.61099990208944        5.70949991544088       2.378542038466934E-002
   6.61099990208944        6.00999991099040       3.032391438267672E-002
   6.61099990208944        6.31049990653992       3.892005303641334E-002
   6.61099990208944        6.61099990208944       4.906874039220868E-002
   6.61099990208944        6.91149989763896       5.994126334655463E-002
   6.61099990208944        7.21199989318848       6.644921512153887E-002
   6.91149989763896       0.000000000000000E+000  9.827954477354213E-002
   6.91149989763896       0.300499995549520       9.146061308218938E-002
   6.91149989763896       0.600999991099040       7.678728101865967E-002
   6.91149989763896       0.901499986648560       5.892040938644135E-002
   6.91149989763896        1.20199998219808       4.452399344282636E-002
   6.91149989763896        1.50249997774760       3.446302701635186E-002
   6.91149989763896        1.80299997329712       2.827946789237203E-002
   6.91149989763896        2.10349996884664       2.609924820265188E-002
   6.91149989763896        2.40399996439616       2.908573141484895E-002
   6.91149989763896        2.70449995994568       3.829655569882837E-002
   6.91149989763896        3.00499995549520       5.242824972635185E-002
   6.91149989763896        3.30549995104472       6.687863654914857E-002
   6.91149989763896        3.60599994659424       7.287329814118317E-002
   6.91149989763896        3.90649994214376       6.378139170498380E-002
   6.91149989763896        4.20699993769328       4.874839998180591E-002
   6.91149989763896        4.50749993324280       3.517546390567189E-002
   6.91149989763896        4.80799992879232       2.629096605250546E-002
   6.91149989763896        5.10849992434184       2.284663085919469E-002
   6.91149989763896        5.40899991989136       2.376564051354820E-002
   6.91149989763896        5.70949991544088       2.803216327613292E-002
   6.91149989763896        6.00999991099040       3.548964961518723E-002
   6.91149989763896        6.31049990653992       4.636742302315154E-002
   6.91149989763896        6.61099990208944       5.994170751932804E-002
   6.91149989763896        6.91149989763896       7.225733119105843E-002
   6.91149989763896        7.21199989318848       7.976166643642549E-002
   7.21199989318848       0.000000000000000E+000  0.102421228969960     
   7.21199989318848       0.300499995549520       9.968385133076102E-002
   7.21199989318848       0.600999991099040       8.422433852408655E-002
   7.21199989318848       0.901499986648560       6.296470322255671E-002
   7.21199989318848        1.20199998219808       4.697037925843808E-002
   7.21199989318848        1.50249997774760       3.649338451815171E-002
   7.21199989318848        1.80299997329712       3.037118455442149E-002
   7.21199989318848        2.10349996884664       2.840764361125101E-002
   7.21199989318848        2.40399996439616       3.153397348925927E-002
   7.21199989318848        2.70449995994568       4.049303313952250E-002
   7.21199989318848        3.00499995549520       5.360349076683189E-002
   7.21199989318848        3.30549995104472       6.664460433247195E-002
   7.21199989318848        3.60599994659424       7.784059536208870E-002
   7.21199989318848        3.90649994214376       6.535635882769092E-002
   7.21199989318848        4.20699993769328       5.117927117591718E-002
   7.21199989318848        4.50749993324280       3.788619183662954E-002
   7.21199989318848        4.80799992879232       2.875367020850381E-002
   7.21199989318848        5.10849992434184       2.493373571823204E-002
   7.21199989318848        5.40899991989136       2.556799109191565E-002
   7.21199989318848        5.70949991544088       2.977688234722869E-002
   7.21199989318848        6.00999991099040       3.761168487868595E-002
   7.21199989318848        6.31049990653992       4.987484736674082E-002
   7.21199989318848        6.61099990208944       6.645013085098785E-002
   7.21199989318848        6.91149989763896       7.976218390088601E-002
   7.21199989318848        7.21199989318848       8.227133840921680E-002
