  0.000000000000000E+000  0.000000000000000E+000 -0.488356074685609     
  0.000000000000000E+000  0.300499995549520      -0.428199721101527     
  0.000000000000000E+000  0.600999991099040      -0.367899169154381     
  0.000000000000000E+000  0.901499986648560      -0.328755103650409     
  0.000000000000000E+000   1.20199998219808      -0.300108157396714     
  0.000000000000000E+000   1.50249997774760      -0.274338250453964     
  0.000000000000000E+000   1.80299997329712      -0.247320447323731     
  0.000000000000000E+000   2.10349996884664      -0.216507213151935     
  0.000000000000000E+000   2.40399996439616      -0.179678332609423     
  0.000000000000000E+000   2.70449995994568      -0.137624114188427     
  0.000000000000000E+000   3.00499995549520      -9.539606895719294E-002
  0.000000000000000E+000   3.30549995104472      -6.409505410161162E-002
  0.000000000000000E+000   3.60599994659424      -4.212297066994488E-002
  0.000000000000000E+000   3.90649994214376      -3.872354748057227E-002
  0.000000000000000E+000   4.20699993769328      -4.172658233386996E-002
  0.000000000000000E+000   4.50749993324280      -4.692029594440110E-002
  0.000000000000000E+000   4.80799992879232      -4.991172834300898E-002
  0.000000000000000E+000   5.10849992434184      -4.818601113232374E-002
  0.000000000000000E+000   5.40899991989136      -4.256853581248595E-002
  0.000000000000000E+000   5.70949991544088      -3.484024871666879E-002
  0.000000000000000E+000   6.00999991099040      -2.487542196963483E-002
  0.000000000000000E+000   6.31049990653992      -1.116334891292634E-002
  0.000000000000000E+000   6.61099990208944       7.302422030390965E-003
  0.000000000000000E+000   6.91149989763896       2.350823666731804E-002
  0.000000000000000E+000   7.21199989318848       3.005443380143533E-002
  0.300499995549520       0.000000000000000E+000 -0.546346675665708     
  0.300499995549520       0.300499995549520      -0.475428902585489     
  0.300499995549520       0.600999991099040      -0.413353519042327     
  0.300499995549520       0.901499986648560      -0.373740989187815     
  0.300499995549520        1.20199998219808      -0.340976671438308     
  0.300499995549520        1.50249997774760      -0.309756521213850     
  0.300499995549520        1.80299997329712      -0.277459463776619     
  0.300499995549520        2.10349996884664      -0.242194876727721     
  0.300499995549520        2.40399996439616      -0.202502155895275     
  0.300499995549520        2.70449995994568      -0.158919353812256     
  0.300499995549520        3.00499995549520      -0.115340677398675     
  0.300499995549520        3.30549995104472      -8.089163091847149E-002
  0.300499995549520        3.60599994659424      -6.080562713093732E-002
  0.300499995549520        3.90649994214376      -5.272810266953529E-002
  0.300499995549520        4.20699993769328      -5.343579054248535E-002
  0.300499995549520        4.50749993324280      -5.657485057278765E-002
  0.300499995549520        4.80799992879232      -5.774777870302424E-002
  0.300499995549520        5.10849992434184      -5.441715945712253E-002
  0.300499995549520        5.40899991989136      -4.763589629893167E-002
  0.300499995549520        5.70949991544088      -3.914673371150280E-002
  0.300499995549520        6.00999991099040      -2.885313634912281E-002
  0.300499995549520        6.31049990653992      -1.578568461184270E-002
  0.300499995549520        6.61099990208944       5.431523430285174E-004
  0.300499995549520        6.91149989763896       1.683604126413295E-002
  0.300499995549520        7.21199989318848       2.821911170739276E-002
  0.600999991099040       0.000000000000000E+000 -0.580010086923277     
  0.600999991099040       0.300499995549520      -0.539986134894017     
  0.600999991099040       0.600999991099040      -0.478391008601491     
  0.600999991099040       0.901499986648560      -0.428362446871769     
  0.600999991099040        1.20199998219808      -0.385835250517992     
  0.600999991099040        1.50249997774760      -0.346531108157107     
  0.600999991099040        1.80299997329712      -0.308117627739794     
  0.600999991099040        2.10349996884664      -0.269045866356975     
  0.600999991099040        2.40399996439616      -0.228681984951817     
  0.600999991099040        2.70449995994568      -0.186806650063661     
  0.600999991099040        3.00499995549520      -0.145551341544147     
  0.600999991099040        3.30549995104472      -0.110796335361105     
  0.600999991099040        3.60599994659424      -8.807699328639908E-002
  0.600999991099040        3.90649994214376      -7.715949573993355E-002
  0.600999991099040        4.20699993769328      -7.379829497805922E-002
  0.600999991099040        4.50749993324280      -7.264320956445358E-002
  0.600999991099040        4.80799992879232      -7.029323449439355E-002
  0.600999991099040        5.10849992434184      -6.423973050289590E-002
  0.600999991099040        5.40899991989136      -5.590162191653404E-002
  0.600999991099040        5.70949991544088      -4.652009368382193E-002
  0.600999991099040        6.00999991099040      -3.617889117103965E-002
  0.600999991099040        6.31049990653992      -2.443302726412271E-002
  0.600999991099040        6.61099990208944      -1.075393390485884E-002
  0.600999991099040        6.91149989763896       4.692259205748093E-003
  0.600999991099040        7.21199989318848       1.511608879804912E-002
  0.901499986648560       0.000000000000000E+000 -0.616770671195353     
  0.901499986648560       0.300499995549520      -0.590840739192278     
  0.901499986648560       0.600999991099040      -0.536581097863233     
  0.901499986648560       0.901499986648560      -0.479811369789981     
  0.901499986648560        1.20199998219808      -0.427912608057343     
  0.901499986648560        1.50249997774760      -0.380549267888977     
  0.901499986648560        1.80299997329712      -0.336382430988819     
  0.901499986648560        2.10349996884664      -0.294317175012311     
  0.901499986648560        2.40399996439616      -0.254584124385494     
  0.901499986648560        2.70449995994568      -0.215966574592311     
  0.901499986648560        3.00499995549520      -0.178672431318335     
  0.901499986648560        3.30549995104472      -0.146338690168994     
  0.901499986648560        3.60599994659424      -0.122432386731610     
  0.901499986648560        3.90649994214376      -0.107389026758471     
  0.901499986648560        4.20699993769328      -9.847583793350337E-002
  0.901499986648560        4.50749993324280      -9.206514778777133E-002
  0.901499986648560        4.80799992879232      -8.509042858801463E-002
  0.901499986648560        5.10849992434184      -7.632134925850068E-002
  0.901499986648560        5.40899991989136      -6.620882358322083E-002
  0.901499986648560        5.70949991544088      -5.573569301878853E-002
  0.901499986648560        6.00999991099040      -4.498960031653729E-002
  0.901499986648560        6.31049990653992      -3.380672861466773E-002
  0.901499986648560        6.61099990208944      -2.200148907715578E-002
  0.901499986648560        6.91149989763896      -1.043206555005757E-002
  0.901499986648560        7.21199989318848      -3.584728933282690E-003
   1.20199998219808       0.000000000000000E+000 -0.641498553871423     
   1.20199998219808       0.300499995549520      -0.622096333006777     
   1.20199998219808       0.600999991099040      -0.575145986291859     
   1.20199998219808       0.901499986648560      -0.517966800725293     
   1.20199998219808        1.20199998219808      -0.461001937522850     
   1.20199998219808        1.50249997774760      -0.407980436357583     
   1.20199998219808        1.80299997329712      -0.359551162602475     
   1.20199998219808        2.10349996884664      -0.316123534405544     
   1.20199998219808        2.40399996439616      -0.277346165969406     
   1.20199998219808        2.70449995994568      -0.241469188228004     
   1.20199998219808        3.00499995549520      -0.208138256657381     
   1.20199998219808        3.30549995104472      -0.178471557862117     
   1.20199998219808        3.60599994659424      -0.154347621733225     
   1.20199998219808        3.90649994214376      -0.136181188603375     
   1.20199998219808        4.20699993769328      -0.122528450433597     
   1.20199998219808        4.50749993324280      -0.111061349601252     
   1.20199998219808        4.80799992879232      -0.100152763504713     
   1.20199998219808        5.10849992434184      -8.898745318559079E-002
   1.20199998219808        5.40899991989136      -7.731662176066438E-002
   1.20199998219808        5.70949991544088      -6.557731212292026E-002
   1.20199998219808        6.00999991099040      -5.402206457476051E-002
   1.20199998219808        6.31049990653992      -4.274165324511817E-002
   1.20199998219808        6.61099990208944      -3.203578749363963E-002
   1.20199998219808        6.91149989763896      -2.295947689497407E-002
   1.20199998219808        7.21199989318848      -1.771596942008399E-002
   1.50249997774760       0.000000000000000E+000 -0.651612737072116     
   1.50249997774760       0.300499995549520      -0.635536735496854     
   1.50249997774760       0.600999991099040      -0.594348680414993     
   1.50249997774760       0.901499986648560      -0.539669074207438     
   1.50249997774760        1.20199998219808      -0.481536941012572     
   1.50249997774760        1.50249997774760      -0.425801132391641     
   1.50249997774760        1.80299997329712      -0.375710088349056     
   1.50249997774760        2.10349996884664      -0.332852933395586     
   1.50249997774760        2.40399996439616      -0.295180150536372     
   1.50249997774760        2.70449995994568      -0.261247023591950     
   1.50249997774760        3.00499995549520      -0.230485230171518     
   1.50249997774760        3.30549995104472      -0.203015606310630     
   1.50249997774760        3.60599994659424      -0.179253390594970     
   1.50249997774760        3.90649994214376      -0.159265622239670     
   1.50249997774760        4.20699993769328      -0.142433999641880     
   1.50249997774760        4.50749993324280      -0.127731979432215     
   1.50249997774760        4.80799992879232      -0.114172994150793     
   1.50249997774760        5.10849992434184      -0.101049878125407     
   1.50249997774760        5.40899991989136      -8.799800580504648E-002
   1.50249997774760        5.70949991544088      -7.500648759454062E-002
   1.50249997774760        6.00999991099040      -6.240229912970416E-002
   1.50249997774760        6.31049990653992      -5.055346523522201E-002
   1.50249997774760        6.61099990208944      -4.003981761617068E-002
   1.50249997774760        6.91149989763896      -3.178627885078192E-002
   1.50249997774760        7.21199989318848      -2.688394098847846E-002
   1.80299997329712       0.000000000000000E+000 -0.647328615252795     
   1.80299997329712       0.300499995549520      -0.633416828074339     
   1.80299997329712       0.600999991099040      -0.595723370275466     
   1.80299997329712       0.901499986648560      -0.544039185153713     
   1.80299997329712        1.20199998219808      -0.486987908205313     
   1.80299997329712        1.50249997774760      -0.432173958574278     
   1.80299997329712        1.80299997329712      -0.384593189308255     
   1.80299997329712        2.10349996884664      -0.343300374955581     
   1.80299997329712        2.40399996439616      -0.307070414707637     
   1.80299997329712        2.70449995994568      -0.274929529197336     
   1.80299997329712        3.00499995549520      -0.246134269987437     
   1.80299997329712        3.30549995104472      -0.220233446866876     
   1.80299997329712        3.60599994659424      -0.197036322005377     
   1.80299997329712        3.90649994214376      -0.176415153379552     
   1.80299997329712        4.20699993769328      -0.158092062426089     
   1.80299997329712        4.50749993324280      -0.141582098649880     
   1.80299997329712        4.80799992879232      -0.126283969094995     
   1.80299997329712        5.10849992434184      -0.111632761242483     
   1.80299997329712        5.40899991989136      -9.725637976191706E-002
   1.80299997329712        5.70949991544088      -8.307750279118468E-002
   1.80299997329712        6.00999991099040      -6.932015587320417E-002
   1.80299997329712        6.31049990653992      -5.652626012644322E-002
   1.80299997329712        6.61099990208944      -4.548341948722937E-002
   1.80299997329712        6.91149989763896      -3.706040728038217E-002
   1.80299997329712        7.21199989318848      -3.198426371613319E-002
   2.10349996884664       0.000000000000000E+000 -0.630523680931167     
   2.10349996884664       0.300499995549520      -0.616244523101994     
   2.10349996884664       0.600999991099040      -0.580058720867932     
   2.10349996884664       0.901499986648560      -0.530126157827007     
   2.10349996884664        1.20199998219808      -0.478379881301233     
   2.10349996884664        1.50249997774760      -0.429715347939712     
   2.10349996884664        1.80299997329712      -0.385723570510046     
   2.10349996884664        2.10349996884664      -0.346759593224201     
   2.10349996884664        2.40399996439616      -0.312592010471290     
   2.10349996884664        2.70449995994568      -0.282570612079561     
   2.10349996884664        3.00499995549520      -0.255821866400547     
   2.10349996884664        3.30549995104472      -0.231543254687861     
   2.10349996884664        3.60599994659424      -0.209231170135655     
   2.10349996884664        3.90649994214376      -0.188676351266614     
   2.10349996884664        4.20699993769328      -0.169767856145488     
   2.10349996884664        4.50749993324280      -0.152300105758753     
   2.10349996884664        4.80799992879232      -0.135896409701158     
   2.10349996884664        5.10849992434184      -0.120085033847438     
   2.10349996884664        5.40899991989136      -0.104489516603064     
   2.10349996884664        5.70949991544088      -8.901175430404339E-002
   2.10349996884664        6.00999991099040      -7.391661383574824E-002
   2.10349996884664        6.31049990653992      -5.982144113428767E-002
   2.10349996884664        6.61099990208944      -4.764126911923079E-002
   2.10349996884664        6.91149989763896      -3.845964823317786E-002
   2.10349996884664        7.21199989318848      -3.299150930746125E-002
   2.40399996439616       0.000000000000000E+000 -0.610102986905817     
   2.40399996439616       0.300499995549520      -0.594595174705660     
   2.40399996439616       0.600999991099040      -0.555764998551108     
   2.40399996439616       0.901499986648560      -0.509362994523449     
   2.40399996439616        1.20199998219808      -0.462949161293876     
   2.40399996439616        1.50249997774760      -0.419083039254699     
   2.40399996439616        1.80299997329712      -0.378941667648282     
   2.40399996439616        2.10349996884664      -0.343190469982275     
   2.40399996439616        2.40399996439616      -0.311918863837978     
   2.40399996439616        2.70449995994568      -0.284573648166971     
   2.40399996439616        3.00499995549520      -0.260173114280515     
   2.40399996439616        3.30549995104472      -0.237720970153307     
   2.40399996439616        3.60599994659424      -0.216575669138723     
   2.40399996439616        3.90649994214376      -0.196529338892435     
   2.40399996439616        4.20699993769328      -0.177593221001541     
   2.40399996439616        4.50749993324280      -0.159729156360065     
   2.40399996439616        4.80799992879232      -0.142683588040801     
   2.40399996439616        5.10849992434184      -0.126016923276010     
   2.40399996439616        5.40899991989136      -0.109312571668534     
   2.40399996439616        5.70949991544088      -9.240646665232685E-002
   2.40399996439616        6.00999991099040      -7.552718728408075E-002
   2.40399996439616        6.31049990653992      -5.937333994057282E-002
   2.40399996439616        6.61099990208944      -4.518543897993512E-002
   2.40399996439616        6.91149989763896      -3.458268496211708E-002
   2.40399996439616        7.21199989318848      -2.873248472411858E-002
   2.70449995994568       0.000000000000000E+000 -0.589341989382661     
   2.70449995994568       0.300499995549520      -0.573647761227873     
   2.70449995994568       0.600999991099040      -0.533949735333232     
   2.70449995994568       0.901499986648560      -0.485202204125618     
   2.70449995994568        1.20199998219808      -0.440293153354115     
   2.70449995994568        1.50249997774760      -0.400601703056439     
   2.70449995994568        1.80299997329712      -0.364942456903699     
   2.70449995994568        2.10349996884664      -0.333364564049875     
   2.70449995994568        2.40399996439616      -0.305811617594375     
   2.70449995994568        2.70449995994568      -0.281657954578042     
   2.70449995994568        3.00499995549520      -0.259858499274438     
   2.70449995994568        3.30549995104472      -0.239381123882929     
   2.70449995994568        3.60599994659424      -0.219589682554289     
   2.70449995994568        3.90649994214376      -0.200341960226547     
   2.70449995994568        4.20699993769328      -0.181764987278992     
   2.70449995994568        4.50749993324280      -0.163926486001584     
   2.70449995994568        4.80799992879232      -0.146615957900962     
   2.70449995994568        5.10849992434184      -0.129368447592135     
   2.70449995994568        5.40899991989136      -0.111680523874520     
   2.70449995994568        5.70949991544088      -9.322808076911614E-002
   2.70449995994568        6.00999991099040      -7.399356055348894E-002
   2.70449995994568        6.31049990653992      -5.444104907440468E-002
   2.70449995994568        6.61099990208944      -3.669384186459384E-002
   2.70449995994568        6.91149989763896      -2.422604255829540E-002
   2.70449995994568        7.21199989318848      -1.834892946634877E-002
   3.00499995549520       0.000000000000000E+000 -0.551028039589694     
   3.00499995549520       0.300499995549520      -0.534626964609827     
   3.00499995549520       0.600999991099040      -0.495653390897703     
   3.00499995549520       0.901499986648560      -0.451120490783901     
   3.00499995549520        1.20199998219808      -0.410335516737425     
   3.00499995549520        1.50249997774760      -0.375732829329276     
   3.00499995549520        1.80299997329712      -0.345387404875909     
   3.00499995549520        2.10349996884664      -0.318723055951018     
   3.00499995549520        2.40399996439616      -0.295411096980304     
   3.00499995549520        2.70449995994568      -0.274711589497274     
   3.00499995549520        3.00499995549520      -0.255596999236795     
   3.00499995549520        3.30549995104472      -0.237142301934580     
   3.00499995549520        3.60599994659424      -0.218815670264596     
   3.00499995549520        3.90649994214376      -0.200568168884823     
   3.00499995549520        4.20699993769328      -0.182642901417815     
   3.00499995549520        4.50749993324280      -0.165176398114846     
   3.00499995549520        4.80799992879232      -0.147941065259181     
   3.00499995549520        5.10849992434184      -0.130406468118483     
   3.00499995549520        5.40899991989136      -0.111949173505614     
   3.00499995549520        5.70949991544088      -9.197760452302421E-002
   3.00499995549520        6.00999991099040      -6.986718204848161E-002
   3.00499995549520        6.31049990653992      -4.562634792427550E-002
   3.00499995549520        6.61099990208944      -2.343637626430310E-002
   3.00499995549520        6.91149989763896      -8.874466660063767E-003
   3.00499995549520        7.21199989318848      -3.699521828953009E-003
   3.30549995104472       0.000000000000000E+000 -0.493538302526360     
   3.30549995104472       0.300499995549520      -0.478967724569081     
   3.30549995104472       0.600999991099040      -0.445546507043480     
   3.30549995104472       0.901499986648560      -0.408485663458364     
   3.30549995104472        1.20199998219808      -0.375186458355817     
   3.30549995104472        1.50249997774760      -0.346998546984399     
   3.30549995104472        1.80299997329712      -0.322443266619377     
   3.30549995104472        2.10349996884664      -0.300909014989829     
   3.30549995104472        2.40399996439616      -0.281884269697738     
   3.30549995104472        2.70449995994568      -0.264573958929584     
   3.30549995104472        3.00499995549520      -0.248056017411597     
   3.30549995104472        3.30549995104472      -0.231598289030894     
   3.30549995104472        3.60599994659424      -0.214811465234086     
   3.30549995104472        3.90649994214376      -0.197728582768669     
   3.30549995104472        4.20699993769328      -0.180699652723024     
   3.30549995104472        4.50749993324280      -0.163905966387531     
   3.30549995104472        4.80799992879232      -0.147074904778750     
   3.30549995104472        5.10849992434184      -0.129607686918282     
   3.30549995104472        5.40899991989136      -0.110776420798859     
   3.30549995104472        5.70949991544088      -8.970791026923702E-002
   3.30549995104472        6.00999991099040      -6.492528010942571E-002
   3.30549995104472        6.31049990653992      -3.651274447671077E-002
   3.30549995104472        6.61099990208944      -9.569158973038635E-003
   3.30549995104472        6.91149989763896       6.908075300271579E-003
   3.30549995104472        7.21199989318848       1.079857873816276E-002
   3.60599994659424       0.000000000000000E+000 -0.425315366432356     
   3.60599994659424       0.300499995549520      -0.418965986081168     
   3.60599994659424       0.600999991099040      -0.394322824725762     
   3.60599994659424       0.901499986648560      -0.365309422249914     
   3.60599994659424        1.20199998219808      -0.339091693336819     
   3.60599994659424        1.50249997774760      -0.317009860581658     
   3.60599994659424        1.80299997329712      -0.297979423111249     
   3.60599994659424        2.10349996884664      -0.281238711805622     
   3.60599994659424        2.40399996439616      -0.266142949689942     
   3.60599994659424        2.70449995994568      -0.251908626397483     
   3.60599994659424        3.00499995549520      -0.237769182328169     
   3.60599994659424        3.30549995104472      -0.223209152266483     
   3.60599994659424        3.60599994659424      -0.208003589122101     
   3.60599994659424        3.90649994214376      -0.192261796823987     
   3.60599994659424        4.20699993769328      -0.176385919586052     
   3.60599994659424        4.50749993324280      -0.160552413013170     
   3.60599994659424        4.80799992879232      -0.144449380971208     
   3.60599994659424        5.10849992434184      -0.127459095020339     
   3.60599994659424        5.40899991989136      -0.108845037844109     
   3.60599994659424        5.70949991544088      -8.764716084244560E-002
   3.60599994659424        6.00999991099040      -6.203110226702284E-002
   3.60599994659424        6.31049990653992      -3.215743196455503E-002
   3.60599994659424        6.61099990208944      -3.246677164714119E-003
   3.60599994659424        6.91149989763896       1.448570178131329E-002
   3.60599994659424        7.21199989318848       2.297623160856046E-002
   3.90649994214376       0.000000000000000E+000 -0.373406656197618     
   3.90649994214376       0.300499995549520      -0.365912018091796     
   3.90649994214376       0.600999991099040      -0.346388377433290     
   3.90649994214376       0.901499986648560      -0.324073833213342     
   3.90649994214376        1.20199998219808      -0.303923280057179     
   3.90649994214376        1.50249997774760      -0.287128424525922     
   3.90649994214376        1.80299997329712      -0.272971455448326     
   3.90649994214376        2.10349996884664      -0.260417556612534     
   3.90649994214376        2.40399996439616      -0.248736986153162     
   3.90649994214376        2.70449995994568      -0.237195172444357     
   3.90649994214376        3.00499995549520      -0.225182184988640     
   3.90649994214376        3.30549995104472      -0.212382484186496     
   3.90649994214376        3.60599994659424      -0.198763323783421     
   3.90649994214376        3.90649994214376      -0.184539770984361     
   3.90649994214376        4.20699993769328      -0.170066301791738     
   3.90649994214376        4.50749993324280      -0.155445816704138     
   3.90649994214376        4.80799992879232      -0.140359065420200     
   3.90649994214376        5.10849992434184      -0.124251138400067     
   3.90649994214376        5.40899991989136      -0.106514253384662     
   3.90649994214376        5.70949991544088      -8.641259669442795E-002
   3.90649994214376        6.00999991099040      -6.257560045278160E-002
   3.90649994214376        6.31049990653992      -3.518124090640529E-002
   3.90649994214376        6.61099990208944      -9.340704941459811E-003
   3.90649994214376        6.91149989763896       6.323314982031756E-003
   3.90649994214376        7.21199989318848       1.048404906660259E-002
   4.20699993769328       0.000000000000000E+000 -0.313797400475255     
   4.20699993769328       0.300499995549520      -0.309285778735075     
   4.20699993769328       0.600999991099040      -0.297177330943366     
   4.20699993769328       0.901499986648560      -0.282726003064429     
   4.20699993769328        1.20199998219808      -0.268960309298799     
   4.20699993769328        1.50249997774760      -0.257440143197938     
   4.20699993769328        1.80299997329712      -0.247603118368626     
   4.20699993769328        2.10349996884664      -0.238666552792553     
   4.20699993769328        2.40399996439616      -0.229943933879714     
   4.20699993769328        2.70449995994568      -0.220782404300729     
   4.20699993769328        3.00499995549520      -0.210716397576892     
   4.20699993769328        3.30549995104472      -0.199599326655780     
   4.20699993769328        3.60599994659424      -0.187573704401944     
   4.20699993769328        3.90649994214376      -0.174945691665760     
   4.20699993769328        4.20699993769328      -0.161992667371173     
   4.20699993769328        4.50749993324280      -0.148733455055442     
   4.20699993769328        4.80799992879232      -0.134874863390577     
   4.20699993769328        5.10849992434184      -0.119982031681540     
   4.20699993769328        5.40899991989136      -0.103658440237841     
   4.20699993769328        5.70949991544088      -8.555941979098805E-002
   4.20699993769328        6.00999991099040      -6.523314575172461E-002
   4.20699993769328        6.31049990653992      -4.279234519850485E-002
   4.20699993769328        6.61099990208944      -2.237607113438250E-002
   4.20699993769328        6.91149989763896      -9.135733614727738E-003
   4.20699993769328        7.21199989318848      -4.218498205775372E-003
   4.50749993324280       0.000000000000000E+000 -0.254661947403543     
   4.50749993324280       0.300499995549520      -0.253243045462349     
   4.50749993324280       0.600999991099040      -0.248472863682191     
   4.50749993324280       0.901499986648560      -0.241793708215445     
   4.50749993324280        1.20199998219808      -0.234521413014087     
   4.50749993324280        1.50249997774760      -0.227874892904021     
   4.50749993324280        1.80299997329712      -0.221890989681504     
   4.50749993324280        2.10349996884664      -0.216131383593691     
   4.50749993324280        2.40399996439616      -0.210011679343609     
   4.50749993324280        2.70449995994568      -0.202980860759083     
   4.50749993324280        3.00499995549520      -0.194711246285590     
   4.50749993324280        3.30549995104472      -0.185202673296667     
   4.50749993324280        3.60599994659424      -0.174730565662235     
   4.50749993324280        3.90649994214376      -0.163659187017320     
   4.50749993324280        4.20699993769328      -0.152217395253385     
   4.50749993324280        4.50749993324280      -0.140377245660564     
   4.50749993324280        4.80799992879232      -0.127888976732612     
   4.50749993324280        5.10849992434184      -0.114442078478869     
   4.50749993324280        5.40899991989136      -9.983963083869235E-002
   4.50749993324280        5.70949991544088      -8.406988425065057E-002
   4.50749993324280        6.00999991099040      -6.730935009274283E-002
   4.50749993324280        6.31049990653992      -5.008423624407690E-002
   4.50749993324280        6.61099990208944      -3.445695191189883E-002
   4.50749993324280        6.91149989763896      -2.356947315267707E-002
   4.50749993324280        7.21199989318848      -1.838414462388387E-002
   4.80799992879232       0.000000000000000E+000 -0.205020074698468     
   4.80799992879232       0.300499995549520      -0.205495173287172     
   4.80799992879232       0.600999991099040      -0.205357012990401     
   4.80799992879232       0.901499986648560      -0.203737986370081     
   4.80799992879232        1.20199998219808      -0.201326824860821     
   4.80799992879232        1.50249997774760      -0.198774071081449     
   4.80799992879232        1.80299997329712      -0.196164438458917     
   4.80799992879232        2.10349996884664      -0.193171426951451     
   4.80799992879232        2.40399996439616      -0.189287750110794     
   4.80799992879232        2.70449995994568      -0.184067735448200     
   4.80799992879232        3.00499995549520      -0.177329753657139     
   4.80799992879232        3.30549995104472      -0.169228564269885     
   4.80799992879232        3.60599994659424      -0.160162073726195     
   4.80799992879232        3.90649994214376      -0.150543948065712     
   4.80799992879232        4.20699993769328      -0.140582025495120     
   4.80799992879232        4.50749993324280      -0.130220273178716     
   4.80799992879232        4.80799992879232      -0.119232620892827     
   4.80799992879232        5.10849992434184      -0.107391033469278     
   4.80799992879232        5.40899991989136      -9.462737296897439E-002
   4.80799992879232        5.70949991544088      -8.111032368944300E-002
   4.80799992879232        6.00999991099040      -6.726023056635709E-002
   4.80799992879232        6.31049990653992      -5.380481427470835E-002
   4.80799992879232        6.61099990208944      -4.190665554720451E-002
   4.80799992879232        6.91149989763896      -3.303664858954657E-002
   4.80799992879232        7.21199989318848      -2.816853828270215E-002
   5.10849992434184       0.000000000000000E+000 -0.163313888178849     
   5.10849992434184       0.300499995549520      -0.164361079313626     
   5.10849992434184       0.600999991099040      -0.166186973722991     
   5.10849992434184       0.901499986648560      -0.168337634378337     
   5.10849992434184        1.20199998219808      -0.169912046651996     
   5.10849992434184        1.50249997774760      -0.170838225999503     
   5.10849992434184        1.80299997329712      -0.171068523907812     
   5.10849992434184        2.10349996884664      -0.170308850885838     
   5.10849992434184        2.40399996439616      -0.168125548865362     
   5.10849992434184        2.70449995994568      -0.164195724919483     
   5.10849992434184        3.00499995549520      -0.158516181896373     
   5.10849992434184        3.30549995104472      -0.151443898398735     
   5.10849992434184        3.60599994659424      -0.143537000594991     
   5.10849992434184        3.90649994214376      -0.135274677359749     
   5.10849992434184        4.20699993769328      -0.126838389386207     
   5.10849992434184        4.50749993324280      -0.118104490692065     
   5.10849992434184        4.80799992879232      -0.108802811570719     
   5.10849992434184        5.10849992434184      -9.871392478740615E-002
   5.10849992434184        5.40899991989136      -8.781388559064558E-002
   5.10849992434184        5.70949991544088      -7.632458457107763E-002
   5.10849992434184        6.00999991099040      -6.469841521583665E-002
   5.10849992434184        6.31049990653992      -5.359973690292992E-002
   5.10849992434184        6.61099990208944      -4.389559926425265E-002
   5.10849992434184        6.91149989763896      -3.654990853930246E-002
   5.10849992434184        7.21199989318848      -3.222703853377432E-002
   5.40899991989136       0.000000000000000E+000 -0.127151045875457     
   5.40899991989136       0.300499995549520      -0.128525020063143     
   5.40899991989136       0.600999991099040      -0.131919567035376     
   5.40899991989136       0.901499986648560      -0.136331093655370     
   5.40899991989136        1.20199998219808      -0.140951173622171     
   5.40899991989136        1.50249997774760      -0.144825826098891     
   5.40899991989136        1.80299997329712      -0.147236004397072     
   5.40899991989136        2.10349996884664      -0.147974957894964     
   5.40899991989136        2.40399996439616      -0.146726295956063     
   5.40899991989136        2.70449995994568      -0.143320859211787     
   5.40899991989136        3.00499995549520      -0.137987074806631     
   5.40899991989136        3.30549995104472      -0.131379863025486     
   5.40899991989136        3.60599994659424      -0.124329161719103     
   5.40899991989136        3.90649994214376      -0.117425264910961     
   5.40899991989136        4.20699993769328      -0.110752902278687     
   5.40899991989136        4.50749993324280      -0.103981366458785     
   5.40899991989136        4.80799992879232      -9.666684082518198E-002
   5.40899991989136        5.10849992434184      -8.851021925769129E-002
   5.40899991989136        5.40899991989136      -7.946994982739579E-002
   5.40899991989136        5.70949991544088      -6.975925089288887E-002
   5.40899991989136        6.00999991099040      -5.979317969411910E-002
   5.40899991989136        6.31049990653992      -5.020537287920741E-002
   5.40899991989136        6.61099990208944      -4.177255451708369E-002
   5.40899991989136        6.91149989763896      -3.530341469771347E-002
   5.40899991989136        7.21199989318848      -3.147887108277717E-002
   5.70949991544088       0.000000000000000E+000 -9.672006037706141E-002
   5.70949991544088       0.300499995549520      -9.865185920583071E-002
   5.70949991544088       0.600999991099040      -0.103384933563954     
   5.70949991544088       0.901499986648560      -0.109460663639020     
   5.70949991544088        1.20199998219808      -0.115720877722296     
   5.70949991544088        1.50249997774760      -0.121225547391618     
   5.70949991544088        1.80299997329712      -0.124968317324989     
   5.70949991544088        2.10349996884664      -0.126342299670105     
   5.70949991544088        2.40399996439616      -0.125114406575143     
   5.70949991544088        2.70449995994568      -0.121250945610864     
   5.70949991544088        3.00499995549520      -0.115249105309309     
   5.70949991544088        3.30549995104472      -0.108249950645103     
   5.70949991544088        3.60599994659424      -0.101669154114739     
   5.70949991544088        3.90649994214376      -9.636039875692458E-002
   5.70949991544088        4.20699993769328      -9.209241339486113E-002
   5.70949991544088        4.50749993324280      -8.796025465650191E-002
   5.70949991544088        4.80799992879232      -8.311804310505992E-002
   5.70949991544088        5.10849992434184      -7.712041531469419E-002
   5.70949991544088        5.40899991989136      -6.991174822299964E-002
   5.70949991544088        5.70949991544088      -6.172804170197715E-002
   5.70949991544088        6.00999991099040      -5.307681529540269E-002
   5.70949991544088        6.31049990653992      -4.451766249915527E-002
   5.70949991544088        6.61099990208944      -3.671420551918666E-002
   5.70949991544088        6.91149989763896      -3.054196739331736E-002
   5.70949991544088        7.21199989318848      -2.697983107889329E-002
   6.00999991099040       0.000000000000000E+000 -7.039200819507758E-002
   6.00999991099040       0.300499995549520      -7.302990831424241E-002
   6.00999991099040       0.600999991099040      -7.917686285195413E-002
   6.00999991099040       0.901499986648560      -8.644715388792666E-002
   6.00999991099040        1.20199998219808      -9.366200627926791E-002
   6.00999991099040        1.50249997774760      -9.993206275955011E-002
   6.00999991099040        1.80299997329712      -0.104186731856251     
   6.00999991099040        2.10349996884664      -0.105442341131838     
   6.00999991099040        2.40399996439616      -0.103356678205884     
   6.00999991099040        2.70449995994568      -9.786609006817353E-002
   6.00999991099040        3.00499995549520      -8.961706723547155E-002
   6.00999991099040        3.30549995104472      -8.055767318105106E-002
   6.00999991099040        3.60599994659424      -7.375142732474717E-002
   6.00999991099040        3.90649994214376      -7.076304956364780E-002
   6.00999991099040        4.20699993769328      -7.048288593543599E-002
   6.00999991099040        4.50749993324280      -7.032907734623624E-002
   6.00999991099040        4.80799992879232      -6.870716437985103E-002
   6.00999991099040        5.10849992434184      -6.512151014566299E-002
   6.00999991099040        5.40899991989136      -5.965547672691404E-002
   6.00999991099040        5.70949991544088      -5.284283967797629E-002
   6.00999991099040        6.00999991099040      -4.521981182862829E-002
   6.00999991099040        6.31049990653992      -3.721145617796871E-002
   6.00999991099040        6.61099990208944      -2.932721870214635E-002
   6.00999991099040        6.91149989763896      -2.256608823412685E-002
   6.00999991099040        7.21199989318848      -1.877860430136892E-002
   6.31049990653992       0.000000000000000E+000 -4.471588911688074E-002
   6.31049990653992       0.300499995549520      -4.860583852194105E-002
   6.31049990653992       0.600999991099040      -5.627970820818744E-002
   6.31049990653992       0.901499986648560      -6.465423211977242E-002
   6.31049990653992        1.20199998219808      -7.300375444643285E-002
   6.31049990653992        1.50249997774760      -8.012529223247164E-002
   6.31049990653992        1.80299997329712      -8.468582071149755E-002
   6.31049990653992        2.10349996884664      -8.553242838900840E-002
   6.31049990653992        2.40399996439616      -8.197238207241830E-002
   6.31049990653992        2.70449995994568      -7.354599920136511E-002
   6.31049990653992        3.00499995549520      -6.105301374006497E-002
   6.31049990653992        3.30549995104472      -4.844553520376623E-002
   6.31049990653992        3.60599994659424      -4.086902138999608E-002
   6.31049990653992        3.90649994214376      -4.094203073304851E-002
   6.31049990653992        4.20699993769328      -4.612593514545901E-002
   6.31049990653992        4.50749993324280      -5.171883241283169E-002
   6.31049990653992        4.80799992879232      -5.431806035088939E-002
   6.31049990653992        5.10849992434184      -5.332692296226799E-002
   6.31049990653992        5.40899991989136      -4.950849113691035E-002
   6.31049990653992        5.70949991544088      -4.384660233933006E-002
   6.31049990653992        6.00999991099040      -3.685529147955167E-002
   6.31049990653992        6.31049990653992      -2.883690687798012E-002
   6.31049990653992        6.61099990208944      -2.002342178887752E-002
   6.31049990653992        6.91149989763896      -1.126231882646614E-002
   6.31049990653992        7.21199989318848      -6.130037981423800E-003
   6.61099990208944       0.000000000000000E+000 -1.560975354581911E-002
   6.61099990208944       0.300499995549520      -2.099793804555070E-002
   6.61099990208944       0.600999991099040      -2.929013372936875E-002
   6.61099990208944       0.901499986648560      -4.051142056683247E-002
   6.61099990208944        1.20199998219808      -5.229365927815586E-002
   6.61099990208944        1.50249997774760      -6.154642629014227E-002
   6.61099990208944        1.80299997329712      -6.688841400198420E-002
   6.61099990208944        2.10349996884664      -6.746235134529008E-002
   6.61099990208944        2.40399996439616      -6.231970393600392E-002
   6.61099990208944        2.70449995994568      -5.053650103929060E-002
   6.61099990208944        3.00499995549520      -3.382798080250478E-002
   6.61099990208944        3.30549995104472      -1.716335910761921E-002
   6.61099990208944        3.60599994659424      -8.515361885031665E-003
   6.61099990208944        3.90649994214376      -1.228202080875321E-002
   6.61099990208944        4.20699993769328      -2.350705733234009E-002
   6.61099990208944        4.50749993324280      -3.445199625961740E-002
   6.61099990208944        4.80799992879232      -4.131000839539530E-002
   6.61099990208944        5.10849992434184      -4.278925495356617E-002
   6.61099990208944        5.40899991989136      -4.044246804273834E-002
   6.61099990208944        5.70949991544088      -3.558104667128901E-002
   6.61099990208944        6.00999991099040      -2.870693155341802E-002
   6.61099990208944        6.31049990653992      -1.995640212802302E-002
   6.61099990208944        6.61099990208944      -9.462413123737905E-003
   6.61099990208944        6.91149989763896       2.421824665335293E-003
   6.61099990208944        7.21199989318848       1.064153256315937E-002
   6.91149989763896       0.000000000000000E+000  1.456331740873077E-002
   6.91149989763896       0.300499995549520       1.334468755051392E-002
   6.91149989763896       0.600999991099040       7.199048660925696E-003
   6.91149989763896       0.901499986648560      -1.370716505383680E-002
   6.91149989763896        1.20199998219808      -3.276904412085105E-002
   6.91149989763896        1.50249997774760      -4.547962843422554E-002
   6.91149989763896        1.80299997329712      -5.207004520214984E-002
   6.91149989763896        2.10349996884664      -5.269344660460357E-002
   6.91149989763896        2.40399996439616      -4.650728939637597E-002
   6.91149989763896        2.70449995994568      -3.277607936925762E-002
   6.91149989763896        3.00499995549520      -1.390654689255503E-002
   6.91149989763896        3.30549995104472       3.855517768561255E-003
   6.91149989763896        3.60599994659424       1.262992272495147E-002
   6.91149989763896        3.90649994214376       6.231205456897658E-003
   6.91149989763896        4.20699993769328      -8.276001138273139E-003
   6.91149989763896        4.50749993324280      -2.220512275514971E-002
   6.91149989763896        4.80799992879232      -3.143484303452295E-002
   6.91149989763896        5.10849992434184      -3.471752960613180E-002
   6.91149989763896        5.40899991989136      -3.340871956289361E-002
   6.91149989763896        5.70949991544088      -2.903217139561940E-002
   6.91149989763896        6.00999991099040      -2.188652534011513E-002
   6.91149989763896        6.31049990653992      -1.166603177218806E-002
   6.91149989763896        6.61099990208944       1.370655910471779E-003
   6.91149989763896        6.91149989763896       1.407076793826282E-002
   6.91149989763896        7.21199989318848       2.309258589349014E-002
   7.21199989318848       0.000000000000000E+000  3.276814440838959E-002
   7.21199989318848       0.300499995549520       4.364952256535266E-002
   7.21199989318848       0.600999991099040       3.352945514701052E-002
   7.21199989318848       0.901499986648560       3.619510334292008E-003
   7.21199989318848        1.20199998219808      -1.992277777631720E-002
   7.21199989318848        1.50249997774760      -3.446676767249270E-002
   7.21199989318848        1.80299997329712      -4.178370899129023E-002
   7.21199989318848        2.10349996884664      -4.263895732131522E-002
   7.21199989318848        2.40399996439616      -3.638773855194560E-002
   7.21199989318848        2.70449995994568      -2.260443861264312E-002
   7.21199989318848        3.00499995549520      -4.314764199199137E-003
   7.21199989318848        3.30549995104472       1.159889053870992E-002
   7.21199989318848        3.60599994659424       2.417311437729387E-002
   7.21199989318848        3.90649994214376       1.221676194573955E-002
   7.21199989318848        4.20699993769328      -2.368213574658742E-003
   7.21199989318848        4.50749993324280      -1.634369881570798E-002
   7.21199989318848        4.80799992879232      -2.600259634939624E-002
   7.21199989318848        5.10849992434184      -2.990883108502573E-002
   7.21199989318848        5.40899991989136      -2.917058372751750E-002
   7.21199989318848        5.70949991544088      -2.515680838227725E-002
   7.21199989318848        6.00999991099040      -1.803868270560253E-002
   7.21199989318848        6.31049990653992      -7.052652304438895E-003
   7.21199989318848        6.61099990208944       8.023043268679225E-003
   7.21199989318848        6.91149989763896       2.100864045487062E-002
   7.21199989318848        7.21199989318848       2.555063541321391E-002
