  0.000000000000000E+000  0.000000000000000E+000 -8.308772452454895E-003
  0.000000000000000E+000  0.300499995549520       6.629119685650688E-003
  0.000000000000000E+000  0.600999991099040       3.892915242763566E-003
  0.000000000000000E+000  0.901499986648560      -1.923944068600025E-002
  0.000000000000000E+000   1.20199998219808      -3.574551803003762E-002
  0.000000000000000E+000   1.50249997774760      -4.278512522936066E-002
  0.000000000000000E+000   1.80299997329712      -4.213101690113039E-002
  0.000000000000000E+000   2.10349996884664      -3.453314139359107E-002
  0.000000000000000E+000   2.40399996439616      -1.926376064007105E-002
  0.000000000000000E+000   2.70449995994568       3.658841912897970E-003
  0.000000000000000E+000   3.00499995549520       3.044605418143754E-002
  0.000000000000000E+000   3.30549995104472       5.301540490939537E-002
  0.000000000000000E+000   3.60599994659424       7.042544430418933E-002
  0.000000000000000E+000   3.90649994214376       6.117538872294213E-002
  0.000000000000000E+000   4.20699993769328       4.787038843832154E-002
  0.000000000000000E+000   4.50749993324280       3.456393286112838E-002
  0.000000000000000E+000   4.80799992879232       2.541474605014189E-002
  0.000000000000000E+000   5.10849992434184       2.204402203750360E-002
  0.000000000000000E+000   5.40899991989136       2.322168530249672E-002
  0.000000000000000E+000   5.70949991544088       2.747162508856761E-002
  0.000000000000000E+000   6.00999991099040       3.463507632327654E-002
  0.000000000000000E+000   6.31049990653992       4.555712976884402E-002
  0.000000000000000E+000   6.61099990208944       6.057244357037244E-002
  0.000000000000000E+000   6.91149989763896       7.348112876122070E-002
  0.000000000000000E+000   7.21199989318848       7.738006876108147E-002
  0.300499995549520       0.000000000000000E+000 -5.037572482116628E-002
  0.300499995549520       0.300499995549520      -4.458618259955843E-002
  0.300499995549520       0.600999991099040      -4.267809004514960E-002
  0.300499995549520       0.901499986648560      -5.632243686539663E-002
  0.300499995549520        1.20199998219808      -6.685145715251145E-002
  0.300499995549520        1.50249997774760      -7.004479370388671E-002
  0.300499995549520        1.80299997329712      -6.650142666982252E-002
  0.300499995549520        2.10349996884664      -5.651739003221082E-002
  0.300499995549520        2.40399996439616      -3.935548446475096E-002
  0.300499995549520        2.70449995994568      -1.487540239944905E-002
  0.300499995549520        3.00499995549520       1.386320211455433E-002
  0.300499995549520        3.30549995104472       3.979464067677568E-002
  0.300499995549520        3.60599994659424       5.466755046444904E-002
  0.300499995549520        3.90649994214376       5.221458389361965E-002
  0.300499995549520        4.20699993769328       3.991275842527235E-002
  0.300499995549520        4.50749993324280       2.736885717044294E-002
  0.300499995549520        4.80799992879232       1.918585260590396E-002
  0.300499995549520        5.10849992434184       1.685641974313859E-002
  0.300499995549520        5.40899991989136       1.895926631662780E-002
  0.300499995549520        5.70949991544088       2.386167338600364E-002
  0.300499995549520        6.00999991099040       3.129157472990717E-002
  0.300499995549520        6.31049990653992       4.161547931945574E-002
  0.300499995549520        6.61099990208944       5.459849211120347E-002
  0.300499995549520        6.91149989763896       6.681198051125115E-002
  0.300499995549520        7.21199989318848       7.531373057870981E-002
  0.600999991099040       0.000000000000000E+000 -0.107175602661615     
  0.600999991099040       0.300499995549520      -0.107251279258820     
  0.600999991099040       0.600999991099040      -0.106064401175217     
  0.600999991099040       0.901499986648560      -0.107064659264206     
  0.600999991099040        1.20199998219808      -0.107517139932707     
  0.600999991099040        1.50249997774760      -0.104530199863620     
  0.600999991099040        1.80299997329712      -9.711561413945478E-002
  0.600999991099040        2.10349996884664      -8.470113285591314E-002
  0.600999991099040        2.40399996439616      -6.668647842637572E-002
  0.600999991099040        2.70449995994568      -4.261121567425528E-002
  0.600999991099040        3.00499995549520      -1.472209686274975E-002
  0.600999991099040        3.30549995104472       1.154144943078722E-002
  0.600999991099040        3.60599994659424       2.773984732173245E-002
  0.600999991099040        3.90649994214376       2.930606783079016E-002
  0.600999991099040        4.20699993769328       2.157491643826233E-002
  0.600999991099040        4.50749993324280       1.300620930836659E-002
  0.600999991099040        4.80799992879232       7.906685044387341E-003
  0.600999991099040        5.10849992434184       7.964284312419950E-003
  0.600999991099040        5.40899991989136       1.152352372880881E-002
  0.600999991099040        5.70949991544088       1.723895267723287E-002
  0.600999991099040        6.00999991099040       2.461398839093520E-002
  0.600999991099040        6.31049990653992       3.351831595936662E-002
  0.600999991099040        6.61099990208944       4.379118850302272E-002
  0.600999991099040        6.91149989763896       5.515256991020508E-002
  0.600999991099040        7.21199989318848       6.301143943545620E-002
  0.901499986648560       0.000000000000000E+000 -0.167455568025797     
  0.901499986648560       0.300499995549520      -0.166819166471366     
  0.901499986648560       0.600999991099040      -0.163971790686852     
  0.901499986648560       0.901499986648560      -0.158921308016724     
  0.901499986648560        1.20199998219808      -0.152254632399332     
  0.901499986648560        1.50249997774760      -0.143522277035976     
  0.901499986648560        1.80299997329712      -0.132041635891154     
  0.901499986648560        2.10349996884664      -0.117167923246898     
  0.901499986648560        2.40399996439616      -9.870873260798226E-002
  0.901499986648560        2.70449995994568      -7.640048110944347E-002
  0.901499986648560        3.00499995549520      -5.130505426439248E-002
  0.901499986648560        3.30549995104472      -2.774728068471898E-002
  0.901499986648560        3.60599994659424      -1.117661899901003E-002
  0.901499986648560        3.90649994214376      -4.391474873911235E-003
  0.901499986648560        4.20699993769328      -4.662155635684439E-003
  0.901499986648560        4.50749993324280      -6.795176910578449E-003
  0.901499986648560        4.80799992879232      -6.754014044533639E-003
  0.901499986648560        5.10849992434184      -3.600966562973354E-003
  0.901499986648560        5.40899991989136       1.884052845355638E-003
  0.901499986648560        5.70949991544088       8.747782079056198E-003
  0.901499986648560        6.00999991099040       1.648213226789275E-002
  0.901499986648560        6.31049990653992       2.477667162673471E-002
  0.901499986648560        6.61099990208944       3.343315485095445E-002
  0.901499986648560        6.91149989763896       4.176573479823375E-002
  0.901499986648560        7.21199989318848       4.633185021788175E-002
   1.20199998219808       0.000000000000000E+000 -0.232899402425011     
   1.20199998219808       0.300499995549520      -0.230665494303135     
   1.20199998219808       0.600999991099040      -0.224276851532138     
   1.20199998219808       0.901499986648560      -0.214045280226850     
   1.20199998219808        1.20199998219808      -0.201131677273873     
   1.20199998219808        1.50249997774760      -0.186416381613636     
   1.20199998219808        1.80299997329712      -0.170167336423999     
   1.20199998219808        2.10349996884664      -0.152250443251063     
   1.20199998219808        2.40399996439616      -0.132691799096565     
   1.20199998219808        2.70449995994568      -0.111436744121913     
   1.20199998219808        3.00499995549520      -8.904309640906700E-002
   1.20199998219808        3.30549995104472      -6.756330010984662E-002
   1.20199998219808        3.60599994659424      -5.029180342629032E-002
   1.20199998219808        3.90649994214376      -3.897405238944466E-002
   1.20199998219808        4.20699993769328      -3.245907590534680E-002
   1.20199998219808        4.50749993324280      -2.774918279631236E-002
   1.20199998219808        4.80799992879232      -2.268372856163865E-002
   1.20199998219808        5.10849992434184      -1.637809748190157E-002
   1.20199998219808        5.40899991989136      -8.796880069860643E-003
   1.20199998219808        5.70949991544088      -4.255842702406862E-004
   1.20199998219808        6.00999991099040       8.219241852215540E-003
   1.20199998219808        6.31049990653992       1.670161148210812E-002
   1.20199998219808        6.61099990208944       2.456200070391167E-002
   1.20199998219808        6.91149989763896       3.092390999720194E-002
   1.20199998219808        7.21199989318848       3.400331102668108E-002
   1.50249997774760       0.000000000000000E+000 -0.314750747800785     
   1.50249997774760       0.300499995549520      -0.310338266491388     
   1.50249997774760       0.600999991099040      -0.298102669836824     
   1.50249997774760       0.901499986648560      -0.279826255579029     
   1.50249997774760        1.20199998219808      -0.258001755267023     
   1.50249997774760        1.50249997774760      -0.234853619424433     
   1.50249997774760        1.80299997329712      -0.211623428011979     
   1.50249997774760        2.10349996884664      -0.188834426147571     
   1.50249997774760        2.40399996439616      -0.166691289087565     
   1.50249997774760        2.70449995994568      -0.144766204157857     
   1.50249997774760        3.00499995549520      -0.122952006689774     
   1.50249997774760        3.30549995104472      -0.102067486054679     
   1.50249997774760        3.60599994659424      -8.358444555960833E-002
   1.50249997774760        3.90649994214376      -6.857118351636733E-002
   1.50249997774760        4.20699993769328      -5.684853501524945E-002
   1.50249997774760        4.50749993324280      -4.721822316230924E-002
   1.50249997774760        4.80799992879232      -3.829620301335324E-002
   1.50249997774760        5.10849992434184      -2.912884044464549E-002
   1.50249997774760        5.40899991989136      -1.939437488827582E-002
   1.50249997774760        5.70949991544088      -9.300861025678090E-003
   1.50249997774760        6.00999991099040       6.582297822499928E-004
   1.50249997774760        6.31049990653992       9.903820526014075E-003
   1.50249997774760        6.61099990208944       1.780790721412506E-002
   1.50249997774760        6.91149989763896       2.359803394618100E-002
   1.50249997774760        7.21199989318848       2.638520835438913E-002
   1.80299997329712       0.000000000000000E+000 -0.425315362167027     
   1.80299997329712       0.300499995549520      -0.417179471644909     
   1.80299997329712       0.600999991099040      -0.395065582900606     
   1.80299997329712       0.901499986648560      -0.363306349967281     
   1.80299997329712        1.20199998219808      -0.327232223831734     
   1.80299997329712        1.50249997774760      -0.290844433390949     
   1.80299997329712        1.80299997329712      -0.256628323524695     
   1.80299997329712        2.10349996884664      -0.226277881585039     
   1.80299997329712        2.40399996439616      -0.199601725201053     
   1.80299997329712        2.70449995994568      -0.175386927650255     
   1.80299997329712        3.00499995549520      -0.152527167628926     
   1.80299997329712        3.30549995104472      -0.130746565546484     
   1.80299997329712        3.60599994659424      -0.110589633939668     
   1.80299997329712        3.90649994214376      -9.279386821345723E-002
   1.80299997329712        4.20699993769328      -7.759745986382439E-002
   1.80299997329712        4.50749993324280      -6.450459780291687E-002
   1.80299997329712        4.80799992879232      -5.256666073006214E-002
   1.80299997329712        5.10849992434184      -4.088573945831430E-002
   1.80299997329712        5.40899991989136      -2.901459893496499E-002
   1.80299997329712        5.70949991544088      -1.706076427683088E-002
   1.80299997329712        6.00999991099040      -5.507403137351218E-003
   1.80299997329712        6.31049990653992       4.979835630193336E-003
   1.80299997329712        6.61099990208944       1.364370098625992E-002
   1.80299997329712        6.91149989763896       1.976977715270378E-002
   1.80299997329712        7.21199989318848       2.278633913426326E-002
   2.10349996884664       0.000000000000000E+000 -0.578632582418980     
   2.10349996884664       0.300499995549520      -0.563851579918360     
   2.10349996884664       0.600999991099040      -0.523912007712445     
   2.10349996884664       0.901499986648560      -0.469537963469219     
   2.10349996884664        1.20199998219808      -0.410393374140526     
   2.10349996884664        1.50249997774760      -0.354038168668552     
   2.10349996884664        1.80299997329712      -0.304818928004182     
   2.10349996884664        2.10349996884664      -0.264062962457607     
   2.10349996884664        2.40399996439616      -0.230797574352310     
   2.10349996884664        2.70449995994568      -0.202813113592431     
   2.10349996884664        3.00499995549520      -0.177867738169932     
   2.10349996884664        3.30549995104472      -0.154599816276307     
   2.10349996884664        3.60599994659424      -0.132758648108525     
   2.10349996884664        3.90649994214376      -0.112757909165015     
   2.10349996884664        4.20699993769328      -9.496546157364091E-002
   2.10349996884664        4.50749993324280      -7.922344802499014E-002
   2.10349996884664        4.80799992879232      -6.483557173590437E-002
   2.10349996884664        5.10849992434184      -5.094558525645050E-002
   2.10349996884664        5.40899991989136      -3.701149009873348E-002
   2.10349996884664        5.70949991544088      -2.305114247958896E-002
   2.10349996884664        6.00999991099040      -9.568690510133510E-003
   2.10349996884664        6.31049990653992       2.668933018395371E-003
   2.10349996884664        6.61099990208944       1.278693982968972E-002
   2.10349996884664        6.91149989763896       1.988711614483257E-002
   2.10349996884664        7.21199989318848       2.339287362337981E-002
   2.40399996439616       0.000000000000000E+000 -0.796562972196818     
   2.40399996439616       0.300499995549520      -0.767757267669143     
   2.40399996439616       0.600999991099040      -0.692711573840275     
   2.40399996439616       0.901499986648560      -0.598420136320932     
   2.40399996439616        1.20199998219808      -0.505130224622823     
   2.40399996439616        1.50249997774760      -0.422794067307090     
   2.40399996439616        1.80299997329712      -0.354860772864808     
   2.40399996439616        2.10349996884664      -0.301233609644220     
   2.40399996439616        2.40399996439616      -0.259658939188487     
   2.40399996439616        2.70449995994568      -0.226718494594056     
   2.40399996439616        3.00499995549520      -0.198962303588106     
   2.40399996439616        3.30549995104472      -0.173922416344790     
   2.40399996439616        3.60599994659424      -0.150523519256071     
   2.40399996439616        3.90649994214376      -0.128759989870709     
   2.40399996439616        4.20699993769328      -0.108959407440064     
   2.40399996439616        4.50749993324280      -9.112883054368430E-002
   2.40399996439616        4.80799992879232      -7.472131182549314E-002
   2.40399996439616        5.10849992434184      -5.888903637027450E-002
   2.40399996439616        5.40899991989136      -4.297688746661853E-002
   2.40399996439616        5.70949991544088      -2.685609937942137E-002
   2.40399996439616        6.00999991099040      -1.094086811262363E-002
   2.40399996439616        6.31049990653992       3.937920673554430E-003
   2.40399996439616        6.61099990208944       1.656286672979470E-002
   2.40399996439616        6.91149989763896       2.544147232813801E-002
   2.40399996439616        7.21199989318848       2.952012001591957E-002
   2.70449995994568       0.000000000000000E+000  -1.07670392731866     
   2.70449995994568       0.300499995549520       -1.02922035825589     
   2.70449995994568       0.600999991099040      -0.905958333338743     
   2.70449995994568       0.901499986648560      -0.750778799002058     
   2.70449995994568        1.20199998219808      -0.608020776326547     
   2.70449995994568        1.50249997774760      -0.493099086115832     
   2.70449995994568        1.80299997329712      -0.403668665866334     
   2.70449995994568        2.10349996884664      -0.335834769314665     
   2.70449995994568        2.40399996439616      -0.285133018398011     
   2.70449995994568        2.70449995994568      -0.246663858609637     
   2.70449995994568        3.00499995549520      -0.215749441373575     
   2.70449995994568        3.30549995104472      -0.188848791208645     
   2.70449995994568        3.60599994659424      -0.164059703716929     
   2.70449995994568        3.90649994214376      -0.140902956345155     
   2.70449995994568        4.20699993769328      -0.119573286882577     
   2.70449995994568        4.50749993324280      -0.100134458755093     
   2.70449995994568        4.80799992879232      -8.210432181605944E-002
   2.70449995994568        5.10849992434184      -6.460559945468972E-002
   2.70449995994568        5.40899991989136      -4.683636471132426E-002
   2.70449995994568        5.70949991544088      -2.841564018853179E-002
   2.70449995994568        6.00999991099040      -9.427765279055591E-003
   2.70449995994568        6.31049990653992       9.572573199932181E-003
   2.70449995994568        6.61099990208944       2.642395676825931E-002
   2.70449995994568        6.91149989763896       3.766023949021364E-002
   2.70449995994568        7.21199989318848       4.204601630992033E-002
   3.00499995549520       0.000000000000000E+000  -1.37082543566431     
   3.00499995549520       0.300499995549520       -1.30354496286267     
   3.00499995549520       0.600999991099040       -1.12793805461103     
   3.00499995549520       0.901499986648560      -0.910222011496515     
   3.00499995549520        1.20199998219808      -0.708840155662829     
   3.00499995549520        1.50249997774760      -0.557073979586724     
   3.00499995549520        1.80299997329712      -0.446036387507693     
   3.00499995549520        2.10349996884664      -0.364739802027720     
   3.00499995549520        2.40399996439616      -0.305553077220306     
   3.00499995549520        2.70449995994568      -0.261929435991576     
   3.00499995549520        3.00499995549520      -0.228059979011359     
   3.00499995549520        3.30549995104472      -0.199476430091260     
   3.00499995549520        3.60599994659424      -0.173545920126036     
   3.00499995549520        3.90649994214376      -0.149345841397360     
   3.00499995549520        4.20699993769328      -0.126919080816030     
   3.00499995549520        4.50749993324280      -0.106327011364030     
   3.00499995549520        4.80799992879232      -8.708863337756430E-002
   3.00499995549520        5.10849992434184      -6.826678869410974E-002
   3.00499995549520        5.40899991989136      -4.888515056647975E-002
   3.00499995549520        5.70949991544088      -2.819058227918244E-002
   3.00499995549520        6.00999991099040      -5.536330769819425E-003
   3.00499995549520        6.31049990653992       1.904331611216962E-002
   3.00499995549520        6.61099990208944       4.115337060231187E-002
   3.00499995549520        6.91149989763896       5.506166832930577E-002
   3.00499995549520        7.21199989318848       5.908798237669960E-002
   3.30549995104472       0.000000000000000E+000  -1.57916471897832     
   3.30549995104472       0.300499995549520       -1.50273814272759     
   3.30549995104472       0.600999991099040       -1.29790619841039     
   3.30549995104472       0.901499986648560       -1.03220608807063     
   3.30549995104472        1.20199998219808      -0.786994440703394     
   3.30549995104472        1.50249997774760      -0.603242369740218     
   3.30549995104472        1.80299997329712      -0.475389332145210     
   3.30549995104472        2.10349996884664      -0.384201592819260     
   3.30549995104472        2.40399996439616      -0.318916287236655     
   3.30549995104472        2.70449995994568      -0.271600225384820     
   3.30549995104472        3.00499995549520      -0.235616661122790     
   3.30549995104472        3.30549995104472      -0.205854943702425     
   3.30549995104472        3.60599994659424      -0.179166954509810     
   3.30549995104472        3.90649994214376      -0.154305332268836     
   3.30549995104472        4.20699993769328      -0.131200479633308     
   3.30549995104472        4.50749993324280      -0.109900907884436     
   3.30549995104472        4.80799992879232      -8.990698646494837E-002
   3.30549995104472        5.10849992434184      -7.021891875127546E-002
   3.30549995104472        5.40899991989136      -4.969906674720861E-002
   3.30549995104472        5.70949991544088      -2.720290703570353E-002
   3.30549995104472        6.00999991099040      -1.075890194422309E-003
   3.30549995104472        6.31049990653992       2.858447759359107E-002
   3.30549995104472        6.61099990208944       5.635686725867422E-002
   3.30549995104472        6.91149989763896       7.278851711858177E-002
   3.30549995104472        7.21199989318848       7.585492997196194E-002
   3.60599994659424       0.000000000000000E+000  -1.71546808076063     
   3.60599994659424       0.300499995549520       -1.56854874801050     
   3.60599994659424       0.600999991099040       -1.35927927190009     
   3.60599994659424       0.901499986648560       -1.07788515188133     
   3.60599994659424        1.20199998219808      -0.816528308628929     
   3.60599994659424        1.50249997774760      -0.620256607560672     
   3.60599994659424        1.80299997329712      -0.485942169806862     
   3.60599994659424        2.10349996884664      -0.391085233999035     
   3.60599994659424        2.40399996439616      -0.323568810307498     
   3.60599994659424        2.70449995994568      -0.274907264597864     
   3.60599994659424        3.00499995549520      -0.238156723987399     
   3.60599994659424        3.30549995104472      -0.207973806437877     
   3.60599994659424        3.60599994659424      -0.181021616968010     
   3.60599994659424        3.90649994214376      -0.155930680996292     
   3.60599994659424        4.20699993769328      -0.132592041688551     
   3.60599994659424        4.50749993324280      -0.111050469134100     
   3.60599994659424        4.80799992879232      -9.079826935039828E-002
   3.60599994659424        5.10849992434184      -7.080816880982180E-002
   3.60599994659424        5.40899991989136      -4.987333194973382E-002
   3.60599994659424        5.70949991544088      -2.667165036204596E-002
   3.60599994659424        6.00999991099040       9.145524633783775E-004
   3.60599994659424        6.31049990653992       3.274783421041325E-002
   3.60599994659424        6.61099990208944       6.327965747115975E-002
   3.60599994659424        6.91149989763896       8.155984680814844E-002
   3.60599994659424        7.21199989318848       8.970621380532846E-002
   3.90649994214376       0.000000000000000E+000  -1.57912624611142     
   3.90649994214376       0.300499995549520       -1.50269326208538     
   3.90649994214376       0.600999991099040       -1.29786696067366     
   3.90649994214376       0.901499986648560       -1.03217272048510     
   3.90649994214376        1.20199998219808      -0.786962532839776     
   3.90649994214376        1.50249997774760      -0.603208431286406     
   3.90649994214376        1.80299997329712      -0.475352399484638     
   3.90649994214376        2.10349996884664      -0.384161755558172     
   3.90649994214376        2.40399996439616      -0.318874171787894     
   3.90649994214376        2.70449995994568      -0.271556686205285     
   3.90649994214376        3.00499995549520      -0.235572568121608     
   3.90649994214376        3.30549995104472      -0.205810846567823     
   3.90649994214376        3.60599994659424      -0.179123205118341     
   3.90649994214376        3.90649994214376      -0.154262075086463     
   3.90649994214376        4.20699993769328      -0.131158031932255     
   3.90649994214376        4.50749993324280      -0.109859659965218     
   3.90649994214376        4.80799992879232      -8.986756749607495E-002
   3.90649994214376        5.10849992434184      -7.018198111398483E-002
   3.90649994214376        5.40899991989136      -4.966540049816318E-002
   3.90649994214376        5.70949991544088      -2.717331062163527E-002
   3.90649994214376        6.00999991099040      -1.051743724915918E-003
   3.90649994214376        6.31049990653992       2.860133138279239E-002
   3.90649994214376        6.61099990208944       5.636570328202341E-002
   3.90649994214376        6.91149989763896       7.279280670449366E-002
   3.90649994214376        7.21199989318848       7.586670607824575E-002
   4.20699993769328       0.000000000000000E+000  -1.37075120483794     
   4.20699993769328       0.300499995549520       -1.30346875788231     
   4.20699993769328       0.600999991099040       -1.12786780016422     
   4.20699993769328       0.901499986648560      -0.910156518320205     
   4.20699993769328        1.20199998219808      -0.708773663579151     
   4.20699993769328        1.50249997774760      -0.557002571578365     
   4.20699993769328        1.80299997329712      -0.445958841150375     
   4.20699993769328        2.10349996884664      -0.364656399893188     
   4.20699993769328        2.40399996439616      -0.305465249620000     
   4.20699993769328        2.70449995994568      -0.261838973268176     
   4.20699993769328        3.00499995549520      -0.227968468429233     
   4.20699993769328        3.30549995104472      -0.199385032848495     
   4.20699993769328        3.60599994659424      -0.173455296960522     
   4.20699993769328        3.90649994214376      -0.149256419449418     
   4.20699993769328        4.20699993769328      -0.126831384517065     
   4.20699993769328        4.50749993324280      -0.106241812914633     
   4.20699993769328        4.80799992879232      -8.700709850701770E-002
   4.20699993769328        5.10849992434184      -6.819025877897500E-002
   4.20699993769328        5.40899991989136      -4.881504395685063E-002
   4.20699993769328        5.70949991544088      -2.812834980167961E-002
   4.20699993769328        6.00999991099040      -5.483673750099546E-003
   4.20699993769328        6.31049990653992       1.908400957296064E-002
   4.20699993769328        6.61099990208944       4.118223171381071E-002
   4.20699993769328        6.91149989763896       5.508387793047410E-002
   4.20699993769328        7.21199989318848       5.911367328190868E-002
   4.50749993324280       0.000000000000000E+000  -1.07659793514169     
   4.50749993324280       0.300499995549520       -1.02911676296364     
   4.50749993324280       0.600999991099040      -0.905857106314680     
   4.50749993324280       0.901499986648560      -0.750676950253054     
   4.50749993324280        1.20199998219808      -0.607913440742054     
   4.50749993324280        1.50249997774760      -0.492983298245248     
   4.50749993324280        1.80299997329712      -0.403543371150111     
   4.50749993324280        2.10349996884664      -0.335700797496951     
   4.50749993324280        2.40399996439616      -0.284992532855062     
   4.50749993324280        2.70449995994568      -0.246519571585336     
   4.50749993324280        3.00499995549520      -0.215603901021863     
   4.50749993324280        3.30549995104472      -0.188703773045066     
   4.50749993324280        3.60599994659424      -0.163916279463308     
   4.50749993324280        3.90649994214376      -0.140761722734114     
   4.50749993324280        4.20699993769328      -0.119434954031230     
   4.50749993324280        4.50749993324280      -0.100000165982128     
   4.50749993324280        4.80799992879232      -8.197570089273491E-002
   4.50749993324280        5.10849992434184      -6.448461444991413E-002
   4.50749993324280        5.40899991989136      -4.672501395297468E-002
   4.50749993324280        5.70949991544088      -2.831572211734104E-002
   4.50749993324280        6.00999991099040      -9.340834192958777E-003
   4.50749993324280        6.31049990653992       9.645105417046768E-003
   4.50749993324280        6.61099990208944       2.648237409088504E-002
   4.50749993324280        6.91149989763896       3.770907251018943E-002
   4.50749993324280        7.21199989318848       4.209159940873045E-002
   4.80799992879232       0.000000000000000E+000 -0.796421050926594     
   4.80799992879232       0.300499995549520      -0.767616931118212     
   4.80799992879232       0.600999991099040      -0.692569386490739     
   4.80799992879232       0.901499986648560      -0.598272073113634     
   4.80799992879232        1.20199998219808      -0.504972429461315     
   4.80799992879232        1.50249997774760      -0.422623949171963     
   4.80799992879232        1.80299997329712      -0.354677632506173     
   4.80799992879232        2.10349996884664      -0.301038944977952     
   4.80799992879232        2.40399996439616      -0.259455823598542     
   4.80799992879232        2.70449995994568      -0.226510603248112     
   4.80799992879232        3.00499995549520      -0.198753128189557     
   4.80799992879232        3.30549995104472      -0.173714429163111     
   4.80799992879232        3.60599994659424      -0.150318271542622     
   4.80799992879232        3.90649994214376      -0.128558391658428     
   4.80799992879232        4.20699993769328      -0.108762484570943     
   4.80799992879232        4.50749993324280      -9.093796135673068E-002
   4.80799992879232        4.80799992879232      -7.453864618675243E-002
   4.80799992879232        5.10849992434184      -5.871705059399271E-002
   4.80799992879232        5.40899991989136      -4.281812508093180E-002
   4.80799992879232        5.70949991544088      -2.671261554759760E-002
   4.80799992879232        6.00999991099040      -1.081405268922175E-002
   4.80799992879232        6.31049990653992       4.047597374536638E-003
   4.80799992879232        6.61099990208944       1.665600523391864E-002
   4.80799992879232        6.91149989763896       2.552048745173470E-002
   4.80799992879232        7.21199989318848       2.958867705251502E-002
   5.10849992434184       0.000000000000000E+000 -0.578447016911437     
   5.10849992434184       0.300499995549520      -0.563663729213392     
   5.10849992434184       0.600999991099040      -0.523717910608290     
   5.10849992434184       0.901499986648560      -0.469332789806009     
   5.10849992434184        1.20199998219808      -0.410173400439840     
   5.10849992434184        1.50249997774760      -0.353801361478046     
   5.10849992434184        1.80299997329712      -0.304565521518677     
   5.10849992434184        2.10349996884664      -0.263795123112982     
   5.10849992434184        2.40399996439616      -0.230519350279808     
   5.10849992434184        2.70449995994568      -0.202529159176872     
   5.10849992434184        3.00499995549520      -0.177582427465442     
   5.10849992434184        3.30549995104472      -0.154316525409287     
   5.10849992434184        3.60599994659424      -0.132479609338553     
   5.10849992434184        3.90649994214376      -0.112484602467412     
   5.10849992434184        4.20699993769328      -9.469931994994625E-002
   5.10849992434184        4.50749993324280      -7.896631221139241E-002
   5.10849992434184        4.80799992879232      -6.458998234339446E-002
   5.10849992434184        5.10849992434184      -5.071454606830168E-002
   5.10849992434184        5.40899991989136      -3.679796942780137E-002
   5.10849992434184        5.70949991544088      -2.285750210425579E-002
   5.10849992434184        6.00999991099040      -9.396164968861273E-003
   5.10849992434184        6.31049990653992       2.820263611545989E-003
   5.10849992434184        6.61099990208944       1.291767289766889E-002
   5.10849992434184        6.91149989763896       1.999839103667531E-002
   5.10849992434184        7.21199989318848       2.348633664830253E-002
   5.40899991989136       0.000000000000000E+000 -0.425077127623612     
   5.40899991989136       0.300499995549520      -0.416931546764830     
   5.40899991989136       0.600999991099040      -0.394805524443534     
   5.40899991989136       0.901499986648560      -0.363030568579321     
   5.40899991989136        1.20199998219808      -0.326936459986517     
   5.40899991989136        1.50249997774760      -0.290526839073414     
   5.40899991989136        1.80299997329712      -0.256290079513804     
   5.40899991989136        2.10349996884664      -0.225922302855305     
   5.40899991989136        2.40399996439616      -0.199233697624049     
   5.40899991989136        2.70449995994568      -0.175011991856043     
   5.40899991989136        3.00499995549520      -0.152150700145781     
   5.40899991989136        3.30549995104472      -0.130372848113437     
   5.40899991989136        3.60599994659424      -0.110221918032495     
   5.40899991989136        3.90649994214376      -9.243455445060725E-002
   5.40899991989136        4.20699993769328      -7.724868487244919E-002
   5.40899991989136        4.50749993324280      -6.416890532894477E-002
   5.40899991989136        4.80799992879232      -5.224710933331415E-002
   5.40899991989136        5.10849992434184      -4.058581717907796E-002
   5.40899991989136        5.40899991989136      -2.873768505639419E-002
   5.40899991989136        5.70949991544088      -1.680944965920907E-002
   5.40899991989136        6.00999991099040      -5.282727287374263E-003
   5.40899991989136        6.31049990653992       5.178326386839594E-003
   5.40899991989136        6.61099990208944       1.381665531004001E-002
   5.40899991989136        6.91149989763896       1.991660389050717E-002
   5.40899991989136        7.21199989318848       2.290673150616851E-002
   5.70949991544088       0.000000000000000E+000 -0.314451157404714     
   5.70949991544088       0.300499995549520      -0.310016056182300     
   5.70949991544088       0.600999991099040      -0.297760560252446     
   5.70949991544088       0.901499986648560      -0.279464117174997     
   5.70949991544088        1.20199998219808      -0.257614907911898     
   5.70949991544088        1.50249997774760      -0.234439321989376     
   5.70949991544088        1.80299997329712      -0.211184162243093     
   5.70949991544088        2.10349996884664      -0.188374664419287     
   5.70949991544088        2.40399996439616      -0.166216694909324     
   5.70949991544088        2.70449995994568      -0.144283317738183     
   5.70949991544088        3.00499995549520      -0.122467005776473     
   5.70949991544088        3.30549995104472      -0.101585683704620     
   5.70949991544088        3.60599994659424      -8.311038343370583E-002
   5.70949991544088        3.90649994214376      -6.810865339058311E-002
   5.70949991544088        4.20699993769328      -5.640103725828044E-002
   5.70949991544088        4.50749993324280      -4.678912103749699E-002
   5.70949991544088        4.80799992879232      -3.788914417655265E-002
   5.70949991544088        5.10849992434184      -2.874786494000760E-002
   5.70949991544088        5.40899991989136      -1.904342724168253E-002
   5.70949991544088        5.70949991544088      -8.982894574740418E-003
   5.70949991544088        6.00999991099040       9.426070437538855E-004
   5.70949991544088        6.31049990653992       1.015665648900868E-002
   5.70949991544088        6.61099990208944       1.803021156300177E-002
   5.70949991544088        6.91149989763896       2.378587705064496E-002
   5.70949991544088        7.21199989318848       2.653392495678969E-002
   6.00999991099040       0.000000000000000E+000 -0.232531118692867     
   6.00999991099040       0.300499995549520      -0.230254230063323     
   6.00999991099040       0.600999991099040      -0.223839945326199     
   6.00999991099040       0.901499986648560      -0.213586811572015     
   6.00999991099040        1.20199998219808      -0.200642320508710     
   6.00999991099040        1.50249997774760      -0.185890642559774     
   6.00999991099040        1.80299997329712      -0.169609375825504     
   6.00999991099040        2.10349996884664      -0.151668340025511     
   6.00999991099040        2.40399996439616      -0.132092383366166     
   6.00999991099040        2.70449995994568      -0.110827547063037     
   6.00999991099040        3.00499995549520      -8.843106882577098E-002
   6.00999991099040        3.30549995104472      -6.695438752258803E-002
   6.00999991099040        3.60599994659424      -4.969176943961506E-002
   6.00999991099040        3.90649994214376      -3.838909281672465E-002
   6.00999991099040        4.20699993769328      -3.189459259991473E-002
   6.00999991099040        4.50749993324280      -2.720944219195019E-002
   6.00999991099040        4.80799992879232      -2.217306354289693E-002
   6.00999991099040        5.10849992434184      -1.590126580359996E-002
   6.00999991099040        5.40899991989136      -8.358695467674633E-003
   6.00999991099040        5.70949991544088      -2.994170128490852E-005
   6.00999991099040        6.00999991099040       8.572160845735907E-003
   6.00999991099040        6.31049990653992       1.701633284970053E-002
   6.00999991099040        6.61099990208944       2.484260206215868E-002
   6.00999991099040        6.91149989763896       3.116203279125402E-002
   6.00999991099040        7.21199989318848       3.418279725652473E-002
   6.31049990653992       0.000000000000000E+000 -0.167014003676336     
   6.31049990653992       0.300499995549520      -0.166306282693080     
   6.31049990653992       0.600999991099040      -0.163440957711992     
   6.31049990653992       0.901499986648560      -0.158369438576582     
   6.31049990653992        1.20199998219808      -0.151657500539282     
   6.31049990653992        1.50249997774760      -0.142872850322940     
   6.31049990653992        1.80299997329712      -0.131347938326592     
   6.31049990653992        2.10349996884664      -0.116443846773139     
   6.31049990653992        2.40399996439616      -9.796481222828260E-002
   6.31049990653992        2.70449995994568      -7.564626565212339E-002
   6.31049990653992        3.00499995549520      -5.054840068310976E-002
   6.31049990653992        3.30549995104472      -2.699326329189804E-002
   6.31049990653992        3.60599994659424      -1.043148046931239E-002
   6.31049990653992        3.90649994214376      -3.664922253796803E-003
   6.31049990653992        4.20699993769328      -3.962081811619151E-003
   6.31049990653992        4.50749993324280      -6.126599861009815E-003
   6.31049990653992        4.80799992879232      -6.121751959196786E-003
   6.31049990653992        5.10849992434184      -3.011048471239905E-003
   6.31049990653992        5.40899991989136       2.425284024960934E-003
   6.31049990653992        5.70949991544088       9.234379329942363E-003
   6.31049990653992        6.00999991099040       1.691208242462290E-002
   6.31049990653992        6.31049990653992       2.515624511570156E-002
   6.31049990653992        6.61099990208944       3.377638460654538E-002
   6.31049990653992        6.91149989763896       4.206674399211161E-002
   6.31049990653992        7.21199989318848       4.654628475432542E-002
   6.61099990208944       0.000000000000000E+000 -0.106657894892968     
   6.61099990208944       0.300499995549520      -0.106643238083544     
   6.61099990208944       0.600999991099040      -0.105474480510934     
   6.61099990208944       0.901499986648560      -0.106432740414546     
   6.61099990208944        1.20199998219808      -0.106805331517772     
   6.61099990208944        1.50249997774760      -0.103741826916393     
   6.61099990208944        1.80299997329712      -9.626779737784197E-002
   6.61099990208944        2.10349996884664      -8.381371887256192E-002
   6.61099990208944        2.40399996439616      -6.577669445772284E-002
   6.61099990208944        2.70449995994568      -4.169318111764163E-002
   6.61099990208944        3.00499995549520      -1.380441033242963E-002
   6.61099990208944        3.30549995104472       1.245708680859484E-002
   6.61099990208944        3.60599994659424       2.864907316377049E-002
   6.61099990208944        3.90649994214376       3.019218202863240E-002
   6.61099990208944        4.20699993769328       2.242756358638426E-002
   6.61099990208944        4.50749993324280       1.382158726184189E-002
   6.61099990208944        4.80799992879232       8.679661362755615E-003
   6.61099990208944        5.10849992434184       8.686355882841930E-003
   6.61099990208944        5.40899991989136       1.218574365076454E-002
   6.61099990208944        5.70949991544088       1.783248101121597E-002
   6.61099990208944        6.00999991099040       2.513147413812099E-002
   6.61099990208944        6.31049990653992       3.395953332244312E-002
   6.61099990208944        6.61099990208944       4.417944029724559E-002
   6.61099990208944        6.91149989763896       5.551906487077640E-002
   6.61099990208944        7.21199989318848       6.326746997595192E-002
   6.91149989763896       0.000000000000000E+000 -4.976571133342497E-002
   6.91149989763896       0.300499995549520      -4.396293305021335E-002
   6.91149989763896       0.600999991099040      -4.206457858283772E-002
   6.91149989763896       0.901499986648560      -5.558901821985850E-002
   6.91149989763896        1.20199998219808      -6.599576335325209E-002
   6.91149989763896        1.50249997774760      -6.909236653992411E-002
   6.91149989763896        1.80299997329712      -6.547663243146991E-002
   6.91149989763896        2.10349996884664      -5.544295574696597E-002
   6.91149989763896        2.40399996439616      -3.825468982891419E-002
   6.91149989763896        2.70449995994568      -1.376743744661076E-002
   6.91149989763896        3.00499995549520       1.496621283109759E-002
   6.91149989763896        3.30549995104472       4.089495124047906E-002
   6.91149989763896        3.60599994659424       5.576841910574469E-002
   6.91149989763896        3.90649994214376       5.328047113420178E-002
   6.91149989763896        4.20699993769328       4.093840394877661E-002
   6.91149989763896        4.50749993324280       2.835293940480381E-002
   6.91149989763896        4.80799992879232       2.012050454945784E-002
   6.91149989763896        5.10849992434184       1.773066972281955E-002
   6.91149989763896        5.40899991989136       1.976121335072170E-002
   6.91149989763896        5.70949991544088       2.458144345747956E-002
   6.91149989763896        6.00999991099040       3.191787370985543E-002
   6.91149989763896        6.31049990653992       4.213417052761358E-002
   6.91149989763896        6.61099990208944       5.500855901984009E-002
   6.91149989763896        6.91149989763896       6.718847086220944E-002
   6.91149989763896        7.21199989318848       7.562415877473784E-002
   7.21199989318848       0.000000000000000E+000 -7.583265500604151E-003
   7.21199989318848       0.300499995549520       7.372875586593577E-003
   7.21199989318848       0.600999991099040       4.698604580162698E-003
   7.21199989318848       0.901499986648560      -1.830719745710042E-002
   7.21199989318848        1.20199998219808      -3.469598090274365E-002
   7.21199989318848        1.50249997774760      -4.163784297282135E-002
   7.21199989318848        1.80299997329712      -4.090367991330654E-002
   7.21199989318848        2.10349996884664      -3.324445400635130E-002
   7.21199989318848        2.40399996439616      -1.793860781715781E-002
   7.21199989318848        2.70449995994568       4.998087537026357E-003
   7.21199989318848        3.00499995549520       3.178314557794527E-002
   7.21199989318848        3.30549995104472       5.435158845031621E-002
   7.21199989318848        3.60599994659424       7.178248444542673E-002
   7.21199989318848        3.90649994214376       6.246188135213752E-002
   7.21199989318848        4.20699993769328       4.910765203223439E-002
   7.21199989318848        4.50749993324280       3.574943380166608E-002
   7.21199989318848        4.80799992879232       2.653694413564541E-002
   7.21199989318848        5.10849992434184       2.309058680709068E-002
   7.21199989318848        5.40899991989136       2.418008220254432E-002
   7.21199989318848        5.70949991544088       2.833493099436236E-002
   7.21199989318848        6.00999991099040       3.539712586218669E-002
   7.21199989318848        6.31049990653992       4.620982155757791E-002
   7.21199989318848        6.61099990208944       6.111050639097670E-002
   7.21199989318848        6.91149989763896       7.393249310144855E-002
   7.21199989318848        7.21199989318848       7.776071039151680E-002
