  0.000000000000000E+000  0.000000000000000E+000 -9.467886719026528E-002
  0.000000000000000E+000  0.300499995549520      -9.751269720090935E-002
  0.000000000000000E+000  0.600999991099040      -0.117257459706654     
  0.000000000000000E+000  0.901499986648560      -0.148678808364151     
  0.000000000000000E+000   1.20199998219808      -0.172993369867233     
  0.000000000000000E+000   1.50249997774760      -0.188655386091721     
  0.000000000000000E+000   1.80299997329712      -0.197011478574314     
  0.000000000000000E+000   2.10349996884664      -0.198374531228218     
  0.000000000000000E+000   2.40399996439616      -0.191690079450098     
  0.000000000000000E+000   2.70449995994568      -0.176274507550829     
  0.000000000000000E+000   3.00499995549520      -0.154277039322332     
  0.000000000000000E+000   3.30549995104472      -0.131262246709277     
  0.000000000000000E+000   3.60599994659424      -0.110564951544555     
  0.000000000000000E+000   3.90649994214376      -0.118075991662996     
  0.000000000000000E+000   4.20699993769328      -0.128048720492775     
  0.000000000000000E+000   4.50749993324280      -0.135488115319366     
  0.000000000000000E+000   4.80799992879232      -0.137561451428076     
  0.000000000000000E+000   5.10849992434184      -0.133402743086794     
  0.000000000000000E+000   5.40899991989136      -0.124475653329627     
  0.000000000000000E+000   5.70949991544088      -0.112210301034562     
  0.000000000000000E+000   6.00999991099040      -9.663888410053238E-002
  0.000000000000000E+000   6.31049990653992      -7.665283739813837E-002
  0.000000000000000E+000   6.61099990208944      -5.195360022638705E-002
  0.000000000000000E+000   6.91149989763896      -3.082657155912643E-002
  0.000000000000000E+000   7.21199989318848      -2.138071725218183E-002
  0.300499995549520       0.000000000000000E+000 -0.117258257026182     
  0.300499995549520       0.300499995549520      -0.126614638088840     
  0.300499995549520       0.600999991099040      -0.148032280245591     
  0.300499995549520       0.901499986648560      -0.178191822261453     
  0.300499995549520        1.20199998219808      -0.201971572752714     
  0.300499995549520        1.50249997774760      -0.217570702413904     
  0.300499995549520        1.80299997329712      -0.225995412829113     
  0.300499995549520        2.10349996884664      -0.227416342205150     
  0.300499995549520        2.40399996439616      -0.220702405807296     
  0.300499995549520        2.70449995994568      -0.204693727459278     
  0.300499995549520        3.00499995549520      -0.180703695369940     
  0.300499995549520        3.30549995104472      -0.154091589662694     
  0.300499995549520        3.60599994659424      -0.136167597091032     
  0.300499995549520        3.90649994214376      -0.137880764581790     
  0.300499995549520        4.20699993769328      -0.147076100515250     
  0.300499995549520        4.50749993324280      -0.153423495254115     
  0.300499995549520        4.80799992879232      -0.153896338580968     
  0.300499995549520        5.10849992434184      -0.147908645921090     
  0.300499995549520        5.40899991989136      -0.137197128443716     
  0.300499995549520        5.70949991544088      -0.123461353851852     
  0.300499995549520        6.00999991099040      -0.106926830376825     
  0.300499995549520        6.31049990653992      -8.711646491063818E-002
  0.300499995549520        6.61099990208944      -6.435182176350865E-002
  0.300499995549520        6.91149989763896      -4.293901275963920E-002
  0.300499995549520        7.21199989318848      -2.711668402743502E-002
  0.600999991099040       0.000000000000000E+000 -0.154121230978416     
  0.600999991099040       0.300499995549520      -0.171330654828226     
  0.600999991099040       0.600999991099040      -0.194372142286091     
  0.600999991099040       0.901499986648560      -0.218479573760193     
  0.600999991099040        1.20199998219808      -0.238656310166519     
  0.600999991099040        1.50249997774760      -0.253084927035426     
  0.600999991099040        1.80299997329712      -0.261479573185039     
  0.600999991099040        2.10349996884664      -0.263428267797288     
  0.600999991099040        2.40399996439616      -0.257917855514128     
  0.600999991099040        2.70449995994568      -0.243478570850204     
  0.600999991099040        3.00499995549520      -0.220822753347326     
  0.600999991099040        3.30549995104472      -0.194874229091213     
  0.600999991099040        3.60599994659424      -0.176489253795897     
  0.600999991099040        3.90649994214376      -0.172781994094163     
  0.600999991099040        4.20699993769328      -0.176693223830536     
  0.600999991099040        4.50749993324280      -0.178808708062990     
  0.600999991099040        4.80799992879232      -0.175769618582887     
  0.600999991099040        5.10849992434184      -0.166739724611387     
  0.600999991099040        5.40899991989136      -0.153769072072249     
  0.600999991099040        5.70949991544088      -0.138447535905280     
  0.600999991099040        6.00999991099040      -0.121330158298631     
  0.600999991099040        6.31049990653992      -0.102558686361487     
  0.600999991099040        6.61099990208944      -8.228162465822435E-002
  0.600999991099040        6.91149989763896      -6.099451240525627E-002
  0.600999991099040        7.21199989318848      -4.529430978319255E-002
  0.901499986648560       0.000000000000000E+000 -0.194630395597173     
  0.901499986648560       0.300499995549520      -0.214666462848336     
  0.901499986648560       0.600999991099040      -0.237726606384777     
  0.901499986648560       0.901499986648560      -0.259852005344778     
  0.901499986648560        1.20199998219808      -0.278772662291200     
  0.901499986648560        1.50249997774760      -0.293171414591442     
  0.901499986648560        1.80299997329712      -0.302241952249170     
  0.901499986648560        2.10349996884664      -0.305340555903096     
  0.901499986648560        2.40399996439616      -0.301996587667551     
  0.901499986648560        2.70449995994568      -0.291065747513644     
  0.901499986648560        3.00499995549520      -0.272678121536063     
  0.901499986648560        3.30549995104472      -0.251011264171654     
  0.901499986648560        3.60599994659424      -0.232851247837467     
  0.901499986648560        3.90649994214376      -0.222377171065550     
  0.901499986648560        4.20699993769328      -0.216921572795231     
  0.901499986648560        4.50749993324280      -0.211268127505182     
  0.901499986648560        4.80799992879232      -0.202103845177142     
  0.901499986648560        5.10849992434184      -0.189064097854993     
  0.901499986648560        5.40899991989136      -0.173190656142472     
  0.901499986648560        5.70949991544088      -0.155799805126178     
  0.901499986648560        6.00999991099040      -0.137496809345166     
  0.901499986648560        6.31049990653992      -0.118684425422712     
  0.901499986648560        6.61099990208944      -9.967872990563947E-002
  0.901499986648560        6.91149989763896      -8.156790063867680E-002
  0.901499986648560        7.21199989318848      -6.894031664217140E-002
   1.20199998219808       0.000000000000000E+000 -0.230492735994222     
   1.20199998219808       0.300499995549520      -0.252704615239379     
   1.20199998219808       0.600999991099040      -0.276927969414130     
   1.20199998219808       0.901499986648560      -0.300302080052136     
   1.20199998219808        1.20199998219808      -0.320731950645011     
   1.20199998219808        1.50249997774760      -0.336766632892379     
   1.20199998219808        1.80299997329712      -0.347379515029002     
   1.20199998219808        2.10349996884664      -0.352209641318791     
   1.20199998219808        2.40399996439616      -0.351039949421711     
   1.20199998219808        2.70449995994568      -0.343216969188584     
   1.20199998219808        3.00499995549520      -0.329048352988485     
   1.20199998219808        3.30549995104472      -0.310630502574657     
   1.20199998219808        3.60599994659424      -0.291912377136852     
   1.20199998219808        3.90649994214376      -0.275578421183321     
   1.20199998219808        4.20699993769328      -0.261258105846013     
   1.20199998219808        4.50749993324280      -0.246807787065078     
   1.20199998219808        4.80799992879232      -0.230978776257412     
   1.20199998219808        5.10849992434184      -0.213416152141133     
   1.20199998219808        5.40899991989136      -0.194228847672489     
   1.20199998219808        5.70949991544088      -0.174155091820128     
   1.20199998219808        6.00999991099040      -0.153875737340842     
   1.20199998219808        6.31049990653992      -0.133995475812803     
   1.20199998219808        6.61099990208944      -0.115255739482441     
   1.20199998219808        6.91149989763896      -9.895449243316715E-002
   1.20199998219808        7.21199989318848      -8.739236886802107E-002
   1.50249997774760       0.000000000000000E+000 -0.263942738393462     
   1.50249997774760       0.300499995549520      -0.288873629343122     
   1.50249997774760       0.600999991099040      -0.315631756447190     
   1.50249997774760       0.901499986648560      -0.341962518621115     
   1.50249997774760        1.20199998219808      -0.365501177559447     
   1.50249997774760        1.50249997774760      -0.384231281958056     
   1.50249997774760        1.80299997329712      -0.396968212384378     
   1.50249997774760        2.10349996884664      -0.403559314492333     
   1.50249997774760        2.40399996439616      -0.403609671354874     
   1.50249997774760        2.70449995994568      -0.397062939869487     
   1.50249997774760        3.00499995549520      -0.384453145107810     
   1.50249997774760        3.30549995104472      -0.367068969208033     
   1.50249997774760        3.60599994659424      -0.346824796425432     
   1.50249997774760        3.90649994214376      -0.325490300674813     
   1.50249997774760        4.20699993769328      -0.303960985603959     
   1.50249997774760        4.50749993324280      -0.282377836577438     
   1.50249997774760        4.80799992879232      -0.260584317552307     
   1.50249997774760        5.10849992434184      -0.238350586470393     
   1.50249997774760        5.40899991989136      -0.215537913676595     
   1.50249997774760        5.70949991544088      -0.192347636180416     
   1.50249997774760        6.00999991099040      -0.169483745653765     
   1.50249997774760        6.31049990653992      -0.147777733458386     
   1.50249997774760        6.61099990208944      -0.128233362313317     
   1.50249997774760        6.91149989763896      -0.112007841514215     
   1.50249997774760        7.21199989318848      -0.100213231763525     
   1.80299997329712       0.000000000000000E+000 -0.297979413007532     
   1.80299997329712       0.300499995549520      -0.326463785749482     
   1.80299997329712       0.600999991099040      -0.356867462445467     
   1.80299997329712       0.901499986648560      -0.387175848972368     
   1.80299997329712        1.20199998219808      -0.414643457921823     
   1.80299997329712        1.50249997774760      -0.436648869549729     
   1.80299997329712        1.80299997329712      -0.451686341863145     
   1.80299997329712        2.10349996884664      -0.459016062716650     
   1.80299997329712        2.40399996439616      -0.458704820974214     
   1.80299997329712        2.70449995994568      -0.451397157023952     
   1.80299997329712        3.00499995549520      -0.437938177088593     
   1.80299997329712        3.30549995104472      -0.419257129656769     
   1.80299997329712        3.60599994659424      -0.396482017126710     
   1.80299997329712        3.90649994214376      -0.370942032870811     
   1.80299997329712        4.20699993769328      -0.343952328891959     
   1.80299997329712        4.50749993324280      -0.316566243010971     
   1.80299997329712        4.80799992879232      -0.289382714231734     
   1.80299997329712        5.10849992434184      -0.262506542467799     
   1.80299997329712        5.40899991989136      -0.235794057123756     
   1.80299997329712        5.70949991544088      -0.209273562267815     
   1.80299997329712        6.00999991099040      -0.183440728274751     
   1.80299997329712        6.31049990653992      -0.159311700224966     
   1.80299997329712        6.61099990208944      -0.138094512666711     
   1.80299997329712        6.91149989763896      -0.120862266119680     
   1.80299997329712        7.21199989318848      -0.108277124096363     
   2.10349996884664       0.000000000000000E+000 -0.334522843187118     
   2.10349996884664       0.300499995549520      -0.367570626340993     
   2.10349996884664       0.600999991099040      -0.402428025837066     
   2.10349996884664       0.901499986648560      -0.437286249320959     
   2.10349996884664        1.20199998219808      -0.469025394384299     
   2.10349996884664        1.50249997774760      -0.494404424956148     
   2.10349996884664        1.80299997329712      -0.510909320370465     
   2.10349996884664        2.10349996884664      -0.517583708867692     
   2.10349996884664        2.40399996439616      -0.515110065965637     
   2.10349996884664        2.70449995994568      -0.505045273638344     
   2.10349996884664        3.00499995549520      -0.488847357857029     
   2.10349996884664        3.30549995104472      -0.467445572686736     
   2.10349996884664        3.60599994659424      -0.441555006499580     
   2.10349996884664        3.90649994214376      -0.412141744649260     
   2.10349996884664        4.20699993769328      -0.380519096178814     
   2.10349996884664        4.50749993324280      -0.348113190832539     
   2.10349996884664        4.80799992879232      -0.316011575565185     
   2.10349996884664        5.10849992434184      -0.284643375150594     
   2.10349996884664        5.40899991989136      -0.253935486484288     
   2.10349996884664        5.70949991544088      -0.223825828838372     
   2.10349996884664        6.00999991099040      -0.194733020051379     
   2.10349996884664        6.31049990653992      -0.167676959281304     
   2.10349996884664        6.61099990208944      -0.144033466016098     
   2.10349996884664        6.91149989763896      -0.125097750420803     
   2.10349996884664        7.21199989318848      -0.111434206438045     
   2.40399996439616       0.000000000000000E+000 -0.375237410901009     
   2.40399996439616       0.300499995549520      -0.413642287465577     
   2.40399996439616       0.600999991099040      -0.453162199128320     
   2.40399996439616       0.901499986648560      -0.492099912248753     
   2.40399996439616        1.20199998219808      -0.527448838263816     
   2.40399996439616        1.50249997774760      -0.555296819439289     
   2.40399996439616        1.80299997329712      -0.572189310860933     
   2.40399996439616        2.10349996884664      -0.576881732101473     
   2.40399996439616        2.40399996439616      -0.570667134276034     
   2.40399996439616        2.70449995994568      -0.556180557329970     
   2.40399996439616        3.00499995549520      -0.535773396872383     
   2.40399996439616        3.30549995104472      -0.510656632548361     
   2.40399996439616        3.60599994659424      -0.481292746521635     
   2.40399996439616        3.90649994214376      -0.448239152468744     
   2.40399996439616        4.20699993769328      -0.412568733403647     
   2.40399996439616        4.50749993324280      -0.375791340912090     
   2.40399996439616        4.80799992879232      -0.339283811890841     
   2.40399996439616        5.10849992434184      -0.303723088348816     
   2.40399996439616        5.40899991989136      -0.269098855529611     
   2.40399996439616        5.70949991544088      -0.235231277986398     
   2.40399996439616        6.00999991099040      -0.202374840239800     
   2.40399996439616        6.31049990653992      -0.171550404103060     
   2.40399996439616        6.61099990208944      -0.144492739880239     
   2.40399996439616        6.91149989763896      -0.123092401719283     
   2.40399996439616        7.21199989318848      -0.108275882736525     
   2.70449995994568       0.000000000000000E+000 -0.419661283010957     
   2.70449995994568       0.300499995549520      -0.464300137005234     
   2.70449995994568       0.600999991099040      -0.509375105239989     
   2.70449995994568       0.901499986648560      -0.551109103281620     
   2.70449995994568        1.20199998219808      -0.586714229228047     
   2.70449995994568        1.50249997774760      -0.614943521651764     
   2.70449995994568        1.80299997329712      -0.630958964210668     
   2.70449995994568        2.10349996884664      -0.632711551449233     
   2.70449995994568        2.40399996439616      -0.621839306312826     
   2.70449995994568        2.70449995994568      -0.602001257185419     
   2.70449995994568        3.00499995549520      -0.576582943355647     
   2.70449995994568        3.30549995104472      -0.547307969409008     
   2.70449995994568        3.60599994659424      -0.514462860602998     
   2.70449995994568        3.90649994214376      -0.478103223605879     
   2.70449995994568        4.20699993769328      -0.438964054747430     
   2.70449995994568        4.50749993324280      -0.398513503655333     
   2.70449995994568        4.80799992879232      -0.358251749718761     
   2.70449995994568        5.10849992434184      -0.318994477362245     
   2.70449995994568        5.40899991989136      -0.280739180370252     
   2.70449995994568        5.70949991544088      -0.243085878810696     
   2.70449995994568        6.00999991099040      -0.205880238289091     
   2.70449995994568        6.31049990653992      -0.169797661792488     
   2.70449995994568        6.61099990208944      -0.137641877076212     
   2.70449995994568        6.91149989763896      -0.113293405522751     
   2.70449995994568        7.21199989318848      -9.766924741006223E-002
   3.00499995549520       0.000000000000000E+000 -0.462249359970003     
   3.00499995549520       0.300499995549520      -0.513237997934179     
   3.00499995549520       0.600999991099040      -0.563850458921091     
   3.00499995549520       0.901499986648560      -0.609803977671896     
   3.00499995549520        1.20199998219808      -0.641862237482807     
   3.00499995549520        1.50249997774760      -0.666919076567866     
   3.00499995549520        1.80299997329712      -0.680803396382711     
   3.00499995549520        2.10349996884664      -0.679309377958163     
   3.00499995549520        2.40399996439616      -0.663865350400458     
   3.00499995549520        2.70449995994568      -0.638881229284091     
   3.00499995549520        3.00499995549520      -0.608721360648931     
   3.00499995549520        3.30549995104472      -0.575703920986519     
   3.00499995549520        3.60599994659424      -0.539900656806674     
   3.00499995549520        3.90649994214376      -0.500761373422678     
   3.00499995549520        4.20699993769328      -0.458774914456587     
   3.00499995549520        4.50749993324280      -0.415426684666197     
   3.00499995549520        4.80799992879232      -0.372230107485305     
   3.00499995549520        5.10849992434184      -0.330016674906186     
   3.00499995549520        5.40899991989136      -0.288708331069843     
   3.00499995549520        5.70949991544088      -0.247537052187946     
   3.00499995549520        6.00999991099040      -0.205491871243774     
   3.00499995549520        6.31049990653992      -0.162686433776157     
   3.00499995549520        6.61099990208944      -0.124390900427404     
   3.00499995549520        6.91149989763896      -9.683856932888954E-002
   3.00499995549520        7.21199989318848      -8.126670715993493E-002
   3.30549995104472       0.000000000000000E+000 -0.487625749609299     
   3.30549995104472       0.300499995549520      -0.545746578934124     
   3.30549995104472       0.600999991099040      -0.603903673665440     
   3.30549995104472       0.901499986648560      -0.653733478511461     
   3.30549995104472        1.20199998219808      -0.684202496403573     
   3.30549995104472        1.50249997774760      -0.703281354290840     
   3.30549995104472        1.80299997329712      -0.714617961705199     
   3.30549995104472        2.10349996884664      -0.710492243654732     
   3.30549995104472        2.40399996439616      -0.691673852991674     
   3.30549995104472        2.70449995994568      -0.662995737805819     
   3.30549995104472        3.00499995549520      -0.629547727137160     
   3.30549995104472        3.30549995104472      -0.594104913178324     
   3.30549995104472        3.60599994659424      -0.556412278524194     
   3.30549995104472        3.90649994214376      -0.515279320443737     
   3.30549995104472        4.20699993769328      -0.471211893593342     
   3.30549995104472        4.50749993324280      -0.425880051346788     
   3.30549995104472        4.80799992879232      -0.380762328600316     
   3.30549995104472        5.10849992434184      -0.336614123831553     
   3.30549995104472        5.40899991989136      -0.293221430894811     
   3.30549995104472        5.70949991544088      -0.249395134171349     
   3.30549995104472        6.00999991099040      -0.202937034284520     
   3.30549995104472        6.31049990653992      -0.154145022355586     
   3.30549995104472        6.61099990208944      -0.109220630672213     
   3.30549995104472        6.91149989763896      -7.847897470182817E-002
   3.30549995104472        7.21199989318848      -6.374906895376209E-002
   3.60599994659424       0.000000000000000E+000 -0.485942166421382     
   3.60599994659424       0.300499995549520      -0.552991816431509     
   3.60599994659424       0.600999991099040      -0.617991275227090     
   3.60599994659424       0.901499986648560      -0.670073637819606     
   3.60599994659424        1.20199998219808      -0.700289252305475     
   3.60599994659424        1.50249997774760      -0.716491082282969     
   3.60599994659424        1.80299997329712      -0.726627981185020     
   3.60599994659424        2.10349996884664      -0.721471029333318     
   3.60599994659424        2.40399996439616      -0.701400656685946     
   3.60599994659424        2.70449995994568      -0.671385786318404     
   3.60599994659424        3.00499995549520      -0.636794606330256     
   3.60599994659424        3.30549995104472      -0.600575162895405     
   3.60599994659424        3.60599994659424      -0.562276762133176     
   3.60599994659424        3.90649994214376      -0.520371391287680     
   3.60599994659424        4.20699993769328      -0.475477660699732     
   3.60599994659424        4.50749993324280      -0.429407685071825     
   3.60599994659424        4.80799992879232      -0.383611042259366     
   3.60599994659424        5.10849992434184      -0.338787825553719     
   3.60599994659424        5.40899991989136      -0.294649943173019     
   3.60599994659424        5.70949991544088      -0.249809087360496     
   3.60599994659424        6.00999991099040      -0.201523321804012     
   3.60599994659424        6.31049990653992      -0.150181823436971     
   3.60599994659424        6.61099990208944      -0.101973057030500     
   3.60599994659424        6.91149989763896      -6.882961702368962E-002
   3.60599994659424        7.21199989318848      -4.907877333108774E-002
   3.90649994214376       0.000000000000000E+000 -0.487594810218095     
   3.90649994214376       0.300499995549520      -0.545697182087763     
   3.90649994214376       0.600999991099040      -0.603851835186655     
   3.90649994214376       0.901499986648560      -0.653685911629935     
   3.90649994214376        1.20199998219808      -0.684159718383328     
   3.90649994214376        1.50249997774760      -0.703240620878571     
   3.90649994214376        1.80299997329712      -0.714577401355392     
   3.90649994214376        2.10349996884664      -0.710451143550913     
   3.90649994214376        2.40399996439616      -0.691631752924173     
   3.90649994214376        2.70449995994568      -0.662952433919400     
   3.90649994214376        3.00499995549520      -0.629503139680783     
   3.90649994214376        3.30549995104472      -0.594058998919091     
   3.90649994214376        3.60599994659424      -0.556365213855079     
   3.90649994214376        3.90649994214376      -0.515231398245941     
   3.90649994214376        4.20699993769328      -0.471163592640251     
   3.90649994214376        4.50749993324280      -0.425831979307131     
   3.90649994214376        4.80799992879232      -0.380715409158033     
   3.90649994214376        5.10849992434184      -0.336569092404970     
   3.90649994214376        5.40899991989136      -0.293179120056930     
   3.90649994214376        5.70949991544088      -0.249356047355891     
   3.90649994214376        6.00999991099040      -0.202901461855981     
   3.90649994214376        6.31049990653992      -0.154113036973921     
   3.90649994214376        6.61099990208944      -0.109192111877895     
   3.90649994214376        6.91149989763896      -7.845335886179845E-002
   3.90649994214376        7.21199989318848      -6.372399241048506E-002
   4.20699993769328       0.000000000000000E+000 -0.462188108118175     
   4.20699993769328       0.300499995549520      -0.513156861800647     
   4.20699993769328       0.600999991099040      -0.563761271207583     
   4.20699993769328       0.901499986648560      -0.609716637411144     
   4.20699993769328        1.20199998219808      -0.641779161658183     
   4.20699993769328        1.50249997774760      -0.666837109221074     
   4.20699993769328        1.80299997329712      -0.680720691953823     
   4.20699993769328        2.10349996884664      -0.679224748555773     
   4.20699993769328        2.40399996439616      -0.663778388575970     
   4.20699993769328        2.70449995994568      -0.638791532494065     
   4.20699993769328        3.00499995549520      -0.608628670087500     
   4.20699993769328        3.30549995104472      -0.575608363288831     
   4.20699993769328        3.60599994659424      -0.539802870358192     
   4.20699993769328        3.90649994214376      -0.500662014566247     
   4.20699993769328        4.20699993769328      -0.458675008592782     
   4.20699993769328        4.50749993324280      -0.415327560032308     
   4.20699993769328        4.80799992879232      -0.372133253199024     
   4.20699993769328        5.10849992434184      -0.329923808401981     
   4.20699993769328        5.40899991989136      -0.288620944013168     
   4.20699993769328        5.70949991544088      -0.247456452217464     
   4.20699993769328        6.00999991099040      -0.205418616204881     
   4.20699993769328        6.31049990653992      -0.162620745460349     
   4.20699993769328        6.61099990208944      -0.124332449142174     
   4.20699993769328        6.91149989763896      -9.678592423976164E-002
   4.20699993769328        7.21199989318848      -8.121738648087193E-002
   4.50749993324280       0.000000000000000E+000 -0.419564676415561     
   4.50749993324280       0.300499995549520      -0.464188470250518     
   4.50749993324280       0.600999991099040      -0.509253864443695     
   4.50749993324280       0.901499986648560      -0.550985635885653     
   4.50749993324280        1.20199998219808      -0.586590213144553     
   4.50749993324280        1.50249997774760      -0.614817559388533     
   4.50749993324280        1.80299997329712      -0.630829905611007     
   4.50749993324280        2.10349996884664      -0.632578412393617     
   4.50749993324280        2.40399996439616      -0.621701359371614     
   4.50749993324280        2.70449995994568      -0.601858249267696     
   4.50749993324280        3.00499995549520      -0.576435161090397     
   4.50749993324280        3.30549995104472      -0.547156045879973     
   4.50749993324280        3.60599994659424      -0.514307849916961     
   4.50749993324280        3.90649994214376      -0.477946198056221     
   4.50749993324280        4.20699993769328      -0.438806592389375     
   4.50749993324280        4.50749993324280      -0.398357508070796     
   4.50749993324280        4.80799992879232      -0.358099550941078     
   4.50749993324280        5.10849992434184      -0.318848598755544     
   4.50749993324280        5.40899991989136      -0.280601920366783     
   4.50749993324280        5.70949991544088      -0.242959103826039     
   4.50749993324280        6.00999991099040      -0.205765037681550     
   4.50749993324280        6.31049990653992      -0.169694552549154     
   4.50749993324280        6.61099990208944      -0.137550699839034     
   4.50749993324280        6.91149989763896      -0.113212788301624     
   4.50749993324280        7.21199989318848      -9.759735087209880E-002
   4.80799992879232       0.000000000000000E+000 -0.375097382401341     
   4.80799992879232       0.300499995549520      -0.413491084138332     
   4.80799992879232       0.600999991099040      -0.453002290350959     
   4.80799992879232       0.901499986648560      -0.491934102742035     
   4.80799992879232        1.20199998219808      -0.527277976336714     
   4.80799992879232        1.50249997774760      -0.555120407797177     
   4.80799992879232        1.80299997329712      -0.572006307153280     
   4.80799992879232        2.10349996884664      -0.576691150385697     
   4.80799992879232        2.40399996439616      -0.570468565042140     
   4.80799992879232        2.70449995994568      -0.555974269466120     
   4.80799992879232        3.00499995549520      -0.535560337484335     
   4.80799992879232        3.30549995104472      -0.510438072102542     
   4.80799992879232        3.60599994659424      -0.481070709978882     
   4.80799992879232        3.90649994214376      -0.448015311907384     
   4.80799992879232        4.20699993769328      -0.412345232280943     
   4.80799992879232        4.50749993324280      -0.375570634030371     
   4.80799992879232        4.80799992879232      -0.339068885157801     
   4.80799992879232        5.10849992434184      -0.303517167556546     
   4.80799992879232        5.40899991989136      -0.268905074077008     
   4.80799992879232        5.70949991544088      -0.235052121166798     
   4.80799992879232        6.00999991099040      -0.202211872679749     
   4.80799992879232        6.31049990653992      -0.171404306354231     
   4.80799992879232        6.61099990208944      -0.144363601300327     
   4.80799992879232        6.91149989763896      -0.122979631038869     
   4.80799992879232        7.21199989318848      -0.108178071577487     
   5.10849992434184       0.000000000000000E+000 -0.334329501603248     
   5.10849992434184       0.300499995549520      -0.367367861980285     
   5.10849992434184       0.600999991099040      -0.402217297716891     
   5.10849992434184       0.901499986648560      -0.437067665520676     
   5.10849992434184        1.20199998219808      -0.468798088133011     
   5.10849992434184        1.50249997774760      -0.494167057053208     
   5.10849992434184        1.80299997329712      -0.510660634291264     
   5.10849992434184        2.10349996884664      -0.517322886135868     
   5.10849992434184        2.40399996439616      -0.514837283243438     
   5.10849992434184        2.70449995994568      -0.504761783927481     
   5.10849992434184        3.00499995549520      -0.488555170881861     
   5.10849992434184        3.30549995104472      -0.467147348545400     
   5.10849992434184        3.60599994659424      -0.441253447477953     
   5.10849992434184        3.90649994214376      -0.411839396708848     
   5.10849992434184        4.20699993769328      -0.380218678912711     
   5.10849992434184        4.50749993324280      -0.347817544636814     
   5.10849992434184        4.80799992879232      -0.315724351123537     
   5.10849992434184        5.10849992434184      -0.284368581004339     
   5.10849992434184        5.40899991989136      -0.253676939571546     
   5.10849992434184        5.70949991544088      -0.223586645844745     
   5.10849992434184        6.00999991099040      -0.194515139203026     
   5.10849992434184        6.31049990653992      -0.167481155400518     
   5.10849992434184        6.61099990208944      -0.143860094596028     
   5.10849992434184        6.91149989763896      -0.124946749555581     
   5.10849992434184        7.21199989318848      -0.111304997341231     
   5.40899991989136       0.000000000000000E+000 -0.297723115623700     
   5.40899991989136       0.300499995549520      -0.326196074047000     
   5.40899991989136       0.600999991099040      -0.356591804571851     
   5.40899991989136       0.901499986648560      -0.386892001465169     
   5.40899991989136        1.20199998219808      -0.414347493859449     
   5.40899991989136        1.50249997774760      -0.436336791009812     
   5.40899991989136        1.80299997329712      -0.451356400315126     
   5.40899991989136        2.10349996884664      -0.458668235487871     
   5.40899991989136        2.40399996439616      -0.458340383561202     
   5.40899991989136        2.70449995994568      -0.451018747319465     
   5.40899991989136        3.00499995549520      -0.437549724165759     
   5.40899991989136        3.30549995104472      -0.418862688281735     
   5.40899991989136        3.60599994659424      -0.396085447956594     
   5.40899991989136        3.90649994214376      -0.370546656918655     
   5.40899991989136        4.20699993769328      -0.343561012145496     
   5.40899991989136        4.50749993324280      -0.316182671525762     
   5.40899991989136        4.80799992879232      -0.289011098716772     
   5.40899991989136        5.10849992434184      -0.262151653899498     
   5.40899991989136        5.40899991989136      -0.235460631311535     
   5.40899991989136        5.70949991544088      -0.208965125155086     
   5.40899991989136        6.00999991099040      -0.183159334008052     
   5.40899991989136        6.31049990653992      -0.159057817098455     
   5.40899991989136        6.61099990208944      -0.137868237494346     
   5.40899991989136        6.91149989763896      -0.120664535685375     
   5.40899991989136        7.21199989318848      -0.108108899674345     
   5.70949991544088       0.000000000000000E+000 -0.263614322280595     
   5.70949991544088       0.300499995549520      -0.288527436918188     
   5.70949991544088       0.600999991099040      -0.315276534667200     
   5.70949991544088       0.901499986648560      -0.341598956009864     
   5.70949991544088        1.20199998219808      -0.365121933604585     
   5.70949991544088        1.50249997774760      -0.383828478004643     
   5.70949991544088        1.80299997329712      -0.396538660124467     
   5.70949991544088        2.10349996884664      -0.403104147854062     
   5.70949991544088        2.40399996439616      -0.403132132625003     
   5.70949991544088        2.70449995994568      -0.396568129123785     
   5.70949991544088        3.00499995549520      -0.383947264150354     
   5.70949991544088        3.30549995104472      -0.366558351189946     
   5.70949991544088        3.60599994659424      -0.346314479786522     
   5.70949991544088        3.90649994214376      -0.324983773471183     
   5.70949991544088        4.20699993769328      -0.303461555791466     
   5.70949991544088        4.50749993324280      -0.281889611443727     
   5.70949991544088        4.80799992879232      -0.260112626243956     
   5.70949991544088        5.10849992434184      -0.237901333500280     
   5.70949991544088        5.40899991989136      -0.215116659685671     
   5.70949991544088        5.70949991544088      -0.191958647845227     
   5.70949991544088        6.00999991099040      -0.169128541752730     
   5.70949991544088        6.31049990653992      -0.147455254118226     
   5.70949991544088        6.61099990208944      -0.127942854444572     
   5.70949991544088        6.91149989763896      -0.111752036224501     
   5.70949991544088        7.21199989318848      -9.999690179511428E-002
   6.00999991099040       0.000000000000000E+000 -0.230086596348908     
   6.00999991099040       0.300499995549520      -0.252267953080881     
   6.00999991099040       0.600999991099040      -0.276482333336114     
   6.00999991099040       0.901499986648560      -0.299848592499388     
   6.00999991099040        1.20199998219808      -0.320256184556696     
   6.00999991099040        1.50249997774760      -0.336256015477123     
   6.00999991099040        1.80299997329712      -0.346830090749827     
   6.00999991099040        2.10349996884664      -0.351624410368346     
   6.00999991099040        2.40399996439616      -0.350425261000521     
   6.00999991099040        2.70449995994568      -0.342581275586852     
   6.00999991099040        3.00499995549520      -0.328401412622198     
   6.00999991099040        3.30549995104472      -0.309981891644385     
   6.00999991099040        3.60599994659424      -0.291268497746149     
   6.00999991099040        3.90649994214376      -0.274941333532976     
   6.00999991099040        4.20699993769328      -0.260630394047186     
   6.00999991099040        4.50749993324280      -0.246194733097879     
   6.00999991099040        4.80799992879232      -0.230387737129156     
   6.00999991099040        5.10849992434184      -0.212854823437496     
   6.00999991099040        5.40899991989136      -0.193704250446916     
   6.00999991099040        5.70949991544088      -0.173672423632922     
   6.00999991099040        6.00999991099040      -0.153436073024670     
   6.00999991099040        6.31049990653992      -0.133595099621045     
   6.00999991099040        6.61099990208944      -0.114890025907723     
   6.00999991099040        6.91149989763896      -9.862745897865449E-002
   6.00999991099040        7.21199989318848      -8.711752087967140E-002
   6.31049990653992       0.000000000000000E+000 -0.194148075220420     
   6.31049990653992       0.300499995549520      -0.214132656075770     
   6.31049990653992       0.600999991099040      -0.237191107203541     
   6.31049990653992       0.901499986648560      -0.259308041864101     
   6.31049990653992        1.20199998219808      -0.278191309304846     
   6.31049990653992        1.50249997774760      -0.292536439743039     
   6.31049990653992        1.80299997329712      -0.301551360559423     
   6.31049990653992        2.10349996884664      -0.304601277342751     
   6.31049990653992        2.40399996439616      -0.301218927637586     
   6.31049990653992        2.70449995994568      -0.290262152867905     
   6.31049990653992        3.00499995549520      -0.271864352149922     
   6.31049990653992        3.30549995104472      -0.250203385041256     
   6.31049990653992        3.60599994659424      -0.232055631181478     
   6.31049990653992        3.90649994214376      -0.221590859471240     
   6.31049990653992        4.20699993769328      -0.216143963393106     
   6.31049990653992        4.50749993324280      -0.210507211666521     
   6.31049990653992        4.80799992879232      -0.201371032922855     
   6.31049990653992        5.10849992434184      -0.188370119068468     
   6.31049990653992        5.40899991989136      -0.172544933818367     
   6.31049990653992        5.70949991544088      -0.155209580762042     
   6.31049990653992        6.00999991099040      -0.136964165882399     
   6.31049990653992        6.31049990653992      -0.118203227502692     
   6.31049990653992        6.61099990208944      -9.923471901281591E-002
   6.31049990653992        6.91149989763896      -8.115816122167287E-002
   6.31049990653992        7.21199989318848      -6.859622119402983E-002
   6.61099990208944       0.000000000000000E+000 -0.153571028288934     
   6.61099990208944       0.300499995549520      -0.170710105172545     
   6.61099990208944       0.600999991099040      -0.193772698530164     
   6.61099990208944       0.901499986648560      -0.217851864260625     
   6.61099990208944        1.20199998219808      -0.237958490355135     
   6.61099990208944        1.50249997774760      -0.252306486932212     
   6.61099990208944        1.80299997329712      -0.260625336837762     
   6.61099990208944        2.10349996884664      -0.262510104535166     
   6.61099990208944        2.40399996439616      -0.256950473679268     
   6.61099990208944        2.70449995994568      -0.242479265597443     
   6.61099990208944        3.00499995549520      -0.219815433905312     
   6.61099990208944        3.30549995104472      -0.193883785809352     
   6.61099990208944        3.60599994659424      -0.175522388605071     
   6.61099990208944        3.90649994214376      -0.171824552490981     
   6.61099990208944        4.20699993769328      -0.175741061161773     
   6.61099990208944        4.50749993324280      -0.177874667233517     
   6.61099990208944        4.80799992879232      -0.174870559607640     
   6.61099990208944        5.10849992434184      -0.165890744460681     
   6.61099990208944        5.40899991989136      -0.152983134401874     
   6.61099990208944        5.70949991544088      -0.137734793633914     
   6.61099990208944        6.00999991099040      -0.120696469565341     
   6.61099990208944        6.31049990653992      -0.102001723804944     
   6.61099990208944        6.61099990208944      -8.177849083141538E-002
   6.61099990208944        6.91149989763896      -6.050836398904220E-002
   6.61099990208944        7.21199989318848      -4.487660463439511E-002
   6.91149989763896       0.000000000000000E+000 -0.116635573324197     
   6.91149989763896       0.300499995549520      -0.125974116328517     
   6.91149989763896       0.600999991099040      -0.147396729690467     
   6.91149989763896       0.901499986648560      -0.177462283356298     
   6.91149989763896        1.20199998219808      -0.201129916549795     
   6.91149989763896        1.50249997774760      -0.216622849486109     
   6.91149989763896        1.80299997329712      -0.224952799900954     
   6.91149989763896        2.10349996884664      -0.226293902921642     
   6.91149989763896        2.40399996439616      -0.219518527066033     
   6.91149989763896        2.70449995994568      -0.203470089337464     
   6.91149989763896        3.00499995549520      -0.179470662701432     
   6.91149989763896        3.30549995104472      -0.152884828176554     
   6.91149989763896        3.60599994659424      -0.134995833609366     
   6.91149989763896        3.90649994214376      -0.136716647854596     
   6.91149989763896        4.20699993769328      -0.145916353019694     
   6.91149989763896        4.50749993324280      -0.152287288222750     
   6.91149989763896        4.80799992879232      -0.152805446831567     
   6.91149989763896        5.10849992434184      -0.146881876401824     
   6.91149989763896        5.40899991989136      -0.136250982759999     
   6.91149989763896        5.70949991544088      -0.122608046236631     
   6.91149989763896        6.00999991099040      -0.106176007598029     
   6.91149989763896        6.31049990653992      -8.647595397003710E-002
   6.91149989763896        6.61099990208944      -6.381526608675282E-002
   6.91149989763896        6.91149989763896      -4.243509325224313E-002
   6.91149989763896        7.21199989318848      -2.664903087523144E-002
   7.21199989318848       0.000000000000000E+000 -9.398441470381436E-002
   7.21199989318848       0.300499995549520      -9.679249631917085E-002
   7.21199989318848       0.600999991099040      -0.116471816921430     
   7.21199989318848       0.901499986648560      -0.147773592619274     
   7.21199989318848        1.20199998219808      -0.171964052551184     
   7.21199989318848        1.50249997774760      -0.187507892354514     
   7.21199989318848        1.80299997329712      -0.195754651915201     
   7.21199989318848        2.10349996884664      -0.197022141626614     
   7.21199989318848        2.40399996439616      -0.190262480172521     
   7.21199989318848        2.70449995994568      -0.174797347858056     
   7.21199989318848        3.00499995549520      -0.152785501817565     
   7.21199989318848        3.30549995104472      -0.129795000563502     
   7.21199989318848        3.60599994659424      -0.109115702605975     
   7.21199989318848        3.90649994214376      -0.116655821618686     
   7.21199989318848        4.20699993769328      -0.126643926423548     
   7.21199989318848        4.50749993324280      -0.134118051272207     
   7.21199989318848        4.80799992879232      -0.136251612829574     
   7.21199989318848        5.10849992434184      -0.132175393301449     
   7.21199989318848        5.40899991989136      -0.123349507764731     
   7.21199989318848        5.70949991544088      -0.111196910652263     
   7.21199989318848        6.00999991099040      -9.574526864878828E-002
   7.21199989318848        6.31049990653992      -7.588345830929004E-002
   7.21199989318848        6.61099990208944      -5.130563818772655E-002
   7.21199989318848        6.91149989763896      -3.026314071174401E-002
   7.21199989318848        7.21199989318848      -2.087848888266332E-002
