  0.000000000000000E+000  0.000000000000000E+000 -0.276213573749674     
  0.000000000000000E+000  0.300499995549520      -0.288553373263608     
  0.000000000000000E+000  0.600999991099040      -0.312830376372877     
  0.000000000000000E+000  0.901499986648560      -0.344237153364120     
  0.000000000000000E+000   1.20199998219808      -0.367778565647772     
  0.000000000000000E+000   1.50249997774760      -0.381048715502426     
  0.000000000000000E+000   1.80299997329712      -0.384597279897214     
  0.000000000000000E+000   2.10349996884664      -0.379260546639480     
  0.000000000000000E+000   2.40399996439616      -0.365940004331940     
  0.000000000000000E+000   2.70449995994568      -0.344489240234425     
  0.000000000000000E+000   3.00499995549520      -0.316089160373434     
  0.000000000000000E+000   3.30549995104472      -0.287617238736763     
  0.000000000000000E+000   3.60599994659424      -0.256609593995774     
  0.000000000000000E+000   3.90649994214376      -0.245017645906096     
  0.000000000000000E+000   4.20699993769328      -0.231678928651139     
  0.000000000000000E+000   4.50749993324280      -0.212556032680021     
  0.000000000000000E+000   4.80799992879232      -0.191451500145160     
  0.000000000000000E+000   5.10849992434184      -0.169266992331343     
  0.000000000000000E+000   5.40899991989136      -0.147322749031856     
  0.000000000000000E+000   5.70949991544088      -0.126053655646428     
  0.000000000000000E+000   6.00999991099040      -0.104576848622784     
  0.000000000000000E+000   6.31049990653992      -8.059502100586040E-002
  0.000000000000000E+000   6.61099990208944      -5.212794386068750E-002
  0.000000000000000E+000   6.91149989763896      -2.557250352247857E-002
  0.000000000000000E+000   7.21199989318848      -1.154267091423112E-002
  0.300499995549520       0.000000000000000E+000 -0.288545745586892     
  0.300499995549520       0.300499995549520      -0.292219093494442     
  0.300499995549520       0.600999991099040      -0.336701231782794     
  0.300499995549520       0.901499986648560      -0.385778434394430     
  0.300499995549520        1.20199998219808      -0.416943061343685     
  0.300499995549520        1.50249997774760      -0.432312776062997     
  0.300499995549520        1.80299997329712      -0.435492367776411     
  0.300499995549520        2.10349996884664      -0.428163528879680     
  0.300499995549520        2.40399996439616      -0.412779632277058     
  0.300499995549520        2.70449995994568      -0.388751554804707     
  0.300499995549520        3.00499995549520      -0.353362551554082     
  0.300499995549520        3.30549995104472      -0.313969511044954     
  0.300499995549520        3.60599994659424      -0.283467009854261     
  0.300499995549520        3.90649994214376      -0.266924465722907     
  0.300499995549520        4.20699993769328      -0.250824234756369     
  0.300499995549520        4.50749993324280      -0.230167992041070     
  0.300499995549520        4.80799992879232      -0.207347554164672     
  0.300499995549520        5.10849992434184      -0.183379792414868     
  0.300499995549520        5.40899991989136      -0.159587034314047     
  0.300499995549520        5.70949991544088      -0.136670665274941     
  0.300499995549520        6.00999991099040      -0.113858921573499     
  0.300499995549520        6.31049990653992      -8.945177969866228E-002
  0.300499995549520        6.61099990208944      -6.201763643741962E-002
  0.300499995549520        6.91149989763896      -3.441571294247442E-002
  0.300499995549520        7.21199989318848      -1.198523666741226E-002
  0.600999991099040       0.000000000000000E+000 -0.312819993094051     
  0.600999991099040       0.300499995549520      -0.336695825904046     
  0.600999991099040       0.600999991099040      -0.384819307884747     
  0.600999991099040       0.901499986648560      -0.434326207686884     
  0.600999991099040        1.20199998219808      -0.467330136306176     
  0.600999991099040        1.50249997774760      -0.483790770949556     
  0.600999991099040        1.80299997329712      -0.486640415975125     
  0.600999991099040        2.10349996884664      -0.477960665278588     
  0.600999991099040        2.40399996439616      -0.460861607475234     
  0.600999991099040        2.70449995994568      -0.436908282559364     
  0.600999991099040        3.00499995549520      -0.399516416925257     
  0.600999991099040        3.30549995104472      -0.354834804800196     
  0.600999991099040        3.60599994659424      -0.316427432488500     
  0.600999991099040        3.90649994214376      -0.290856166740695     
  0.600999991099040        4.20699993769328      -0.270094897506192     
  0.600999991099040        4.50749993324280      -0.247888408536938     
  0.600999991099040        4.80799992879232      -0.224216131507061     
  0.600999991099040        5.10849992434184      -0.199107138405180     
  0.600999991099040        5.40899991989136      -0.174050546979739     
  0.600999991099040        5.70949991544088      -0.150074160089289     
  0.600999991099040        6.00999991099040      -0.126912837061457     
  0.600999991099040        6.31049990653992      -0.103563231843506     
  0.600999991099040        6.61099990208944      -7.849476071915748E-002
  0.600999991099040        6.91149989763896      -5.034822232080859E-002
  0.600999991099040        7.21199989318848      -2.809530132079581E-002
  0.901499986648560       0.000000000000000E+000 -0.344229658070221     
  0.901499986648560       0.300499995549520      -0.385773234605097     
  0.901499986648560       0.600999991099040      -0.434324049298966     
  0.901499986648560       0.901499986648560      -0.479665234722982     
  0.901499986648560        1.20199998219808      -0.512036586343701     
  0.901499986648560        1.50249997774760      -0.529327024768933     
  0.901499986648560        1.80299997329712      -0.532495073931212     
  0.901499986648560        2.10349996884664      -0.522978334861200     
  0.901499986648560        2.40399996439616      -0.506810660569454     
  0.901499986648560        2.70449995994568      -0.482710948816322     
  0.901499986648560        3.00499995549520      -0.447288683350771     
  0.901499986648560        3.30549995104472      -0.403135318788957     
  0.901499986648560        3.60599994659424      -0.360080409042832     
  0.901499986648560        3.90649994214376      -0.324693122336675     
  0.901499986648560        4.20699993769328      -0.295519707505620     
  0.901499986648560        4.50749993324280      -0.268833842208305     
  0.901499986648560        4.80799992879232      -0.242579749153247     
  0.901499986648560        5.10849992434184      -0.216034278496365     
  0.901499986648560        5.40899991989136      -0.189687603172148     
  0.901499986648560        5.70949991544088      -0.164735289943364     
  0.901499986648560        6.00999991099040      -0.141119856886419     
  0.901499986648560        6.31049990653992      -0.118242772004054     
  0.901499986648560        6.61099990208944      -9.510185489906774E-002
  0.901499986648560        6.91149989763896      -7.184380821119558E-002
  0.901499986648560        7.21199989318848      -5.479345065950537E-002
   1.20199998219808       0.000000000000000E+000 -0.367771958391071     
   1.20199998219808       0.300499995549520      -0.416938274691786     
   1.20199998219808       0.600999991099040      -0.467327387280878     
   1.20199998219808       0.901499986648560      -0.512035517223087     
   1.20199998219808        1.20199998219808      -0.544931007939807     
   1.20199998219808        1.50249997774760      -0.563579078147407     
   1.20199998219808        1.80299997329712      -0.567497700028238     
   1.20199998219808        2.10349996884664      -0.560433942088985     
   1.20199998219808        2.40399996439616      -0.546545828621905     
   1.20199998219808        2.70449995994568      -0.522149890464461     
   1.20199998219808        3.00499995549520      -0.487126535154620     
   1.20199998219808        3.30549995104472      -0.444628256938921     
   1.20199998219808        3.60599994659424      -0.400177645592006     
   1.20199998219808        3.90649994214376      -0.359206136231520     
   1.20199998219808        4.20699993769328      -0.323375348881793     
   1.20199998219808        4.50749993324280      -0.291379878147791     
   1.20199998219808        4.80799992879232      -0.261608962098862     
   1.20199998219808        5.10849992434184      -0.233083003913262     
   1.20199998219808        5.40899991989136      -0.205445239472184     
   1.20199998219808        5.70949991544088      -0.179264607422397     
   1.20199998219808        6.00999991099040      -0.154740298978877     
   1.20199998219808        6.31049990653992      -0.131637339442385     
   1.20199998219808        6.61099990208944      -0.109780011014704     
   1.20199998219808        6.91149989763896      -9.004757691039038E-002
   1.20199998219808        7.21199989318848      -7.555260916818211E-002
   1.50249997774760       0.000000000000000E+000 -0.381042428888474     
   1.50249997774760       0.300499995549520      -0.432308366508176     
   1.50249997774760       0.600999991099040      -0.483788010363355     
   1.50249997774760       0.901499986648560      -0.529325347588304     
   1.50249997774760        1.20199998219808      -0.563578014950628     
   1.50249997774760        1.50249997774760      -0.583419427252583     
   1.50249997774760        1.80299997329712      -0.589638386521859     
   1.50249997774760        2.10349996884664      -0.587981367385655     
   1.50249997774760        2.40399996439616      -0.576026457088827     
   1.50249997774760        2.70449995994568      -0.551994757508775     
   1.50249997774760        3.00499995549520      -0.517145482269393     
   1.50249997774760        3.30549995104472      -0.475124406397382     
   1.50249997774760        3.60599994659424      -0.430616702595348     
   1.50249997774760        3.90649994214376      -0.387646083267617     
   1.50249997774760        4.20699993769328      -0.348259664223789     
   1.50249997774760        4.50749993324280      -0.312585362176129     
   1.50249997774760        4.80799992879232      -0.279844559495445     
   1.50249997774760        5.10849992434184      -0.249196395440745     
   1.50249997774760        5.40899991989136      -0.220126651062161     
   1.50249997774760        5.70949991544088      -0.192563072358186     
   1.50249997774760        6.00999991099040      -0.166771761233555     
   1.50249997774760        6.31049990653992      -0.142891139093333     
   1.50249997774760        6.61099990208944      -0.121268130160749     
   1.50249997774760        6.91149989763896      -0.102832608756412     
   1.50249997774760        7.21199989318848      -8.908838381546334E-002
   1.80299997329712       0.000000000000000E+000 -0.384593178473265     
   1.80299997329712       0.300499995549520      -0.435489583155339     
   1.80299997329712       0.600999991099040      -0.486638233070343     
   1.80299997329712       0.901499986648560      -0.532492597827432     
   1.80299997329712        1.20199998219808      -0.567494574666318     
   1.80299997329712        1.50249997774760      -0.589635553552232     
   1.80299997329712        1.80299997329712      -0.602107050199390     
   1.80299997329712        2.10349996884664      -0.603591799760063     
   1.80299997329712        2.40399996439616      -0.592515842017271     
   1.80299997329712        2.70449995994568      -0.569057008396098     
   1.80299997329712        3.00499995549520      -0.535370221372994     
   1.80299997329712        3.30549995104472      -0.494969210806823     
   1.80299997329712        3.60599994659424      -0.451724557390394     
   1.80299997329712        3.90649994214376      -0.408851554477673     
   1.80299997329712        4.20699993769328      -0.368275447637931     
   1.80299997329712        4.50749993324280      -0.330647600372964     
   1.80299997329712        4.80799992879232      -0.295804947999143     
   1.80299997329712        5.10849992434184      -0.263268599068787     
   1.80299997329712        5.40899991989136      -0.232599242895674     
   1.80299997329712        5.70949991544088      -0.203590188984583     
   1.80299997329712        6.00999991099040      -0.176323518352496     
   1.80299997329712        6.31049990653992      -0.151187416983331     
   1.80299997329712        6.61099990208944      -0.128881110788592     
   1.80299997329712        6.91149989763896      -0.110363719901455     
   1.80299997329712        7.21199989318848      -9.658474666977526E-002
   2.10349996884664       0.000000000000000E+000 -0.379261883795929     
   2.10349996884664       0.300499995549520      -0.428164605160181     
   2.10349996884664       0.600999991099040      -0.477959946501823     
   2.10349996884664       0.901499986648560      -0.522974625764188     
   2.10349996884664        1.20199998219808      -0.560427010612309     
   2.10349996884664        1.50249997774760      -0.587972868558071     
   2.10349996884664        1.80299997329712      -0.603585341795604     
   2.10349996884664        2.10349996884664      -0.605981174553374     
   2.10349996884664        2.40399996439616      -0.595203276896441     
   2.10349996884664        2.70449995994568      -0.572780981852487     
   2.10349996884664        3.00499995549520      -0.541333828781009     
   2.10349996884664        3.30549995104472      -0.503923010071430     
   2.10349996884664        3.60599994659424      -0.463497516908198     
   2.10349996884664        3.90649994214376      -0.422462326436680     
   2.10349996884664        4.20699993769328      -0.382420774104977     
   2.10349996884664        4.50749993324280      -0.344235825093527     
   2.10349996884664        4.80799992879232      -0.308208695270309     
   2.10349996884664        5.10849992434184      -0.274242334705082     
   2.10349996884664        5.40899991989136      -0.242054304284245     
   2.10349996884664        5.70949991544088      -0.211425656834844     
   2.10349996884664        6.00999991099040      -0.182424736102706     
   2.10349996884664        6.31049990653992      -0.155556330391646     
   2.10349996884664        6.61099990208944      -0.131787806186377     
   2.10349996884664        6.91149989763896      -0.112363749059359     
   2.10349996884664        7.21199989318848      -9.820336947858826E-002
   2.40399996439616       0.000000000000000E+000 -0.365950762867234     
   2.40399996439616       0.300499995549520      -0.412787258518216     
   2.40399996439616       0.600999991099040      -0.460863540176634     
   2.40399996439616       0.901499986648560      -0.506805177433320     
   2.40399996439616        1.20199998219808      -0.546533253910880     
   2.40399996439616        1.50249997774760      -0.576009744759096     
   2.40399996439616        1.80299997329712      -0.592499925934972     
   2.40399996439616        2.10349996884664      -0.595193471758071     
   2.40399996439616        2.40399996439616      -0.585149518723680     
   2.40399996439616        2.70449995994568      -0.564688371649152     
   2.40399996439616        3.00499995549520      -0.536535736092000     
   2.40399996439616        3.30549995104472      -0.503160797639286     
   2.40399996439616        3.60599994659424      -0.466609006345492     
   2.40399996439616        3.90649994214376      -0.428530584918589     
   2.40399996439616        4.20699993769328      -0.390175374069830     
   2.40399996439616        4.50749993324280      -0.352498322801641     
   2.40399996439616        4.80799992879232      -0.316138708258265     
   2.40399996439616        5.10849992434184      -0.281303459843466     
   2.40399996439616        5.40899991989136      -0.247842489384850     
   2.40399996439616        5.70949991544088      -0.215514425758248     
   2.40399996439616        6.00999991099040      -0.184332508828138     
   2.40399996439616        6.31049990653992      -0.154894607629143     
   2.40399996439616        6.61099990208944      -0.128597608839018     
   2.40399996439616        6.91149989763896      -0.107408859575388     
   2.40399996439616        7.21199989318848      -9.278543239752050E-002
   2.70449995994568       0.000000000000000E+000 -0.344512814742266     
   2.70449995994568       0.300499995549520      -0.388768770333530     
   2.70449995994568       0.600999991099040      -0.436915222222976     
   2.70449995994568       0.901499986648560      -0.482704687322648     
   2.70449995994568        1.20199998219808      -0.522131398148528     
   2.70449995994568        1.50249997774760      -0.551969105195944     
   2.70449995994568        1.80299997329712      -0.569030873785678     
   2.70449995994568        2.10349996884664      -0.572760684192916     
   2.70449995994568        2.40399996439616      -0.564677932386945     
   2.70449995994568        2.70449995994568      -0.547336737814254     
   2.70449995994568        3.00499995549520      -0.523294470007490     
   2.70449995994568        3.30549995104472      -0.494482859124171     
   2.70449995994568        3.60599994659424      -0.462220169143581     
   2.70449995994568        3.90649994214376      -0.427558997625136     
   2.70449995994568        4.20699993769328      -0.391509119084366     
   2.70449995994568        4.50749993324280      -0.355097282340185     
   2.70449995994568        4.80799992879232      -0.319155449010575     
   2.70449995994568        5.10849992434184      -0.284053262643239     
   2.70449995994568        5.40899991989136      -0.249681447520324     
   2.70449995994568        5.70949991544088      -0.215675491287106     
   2.70449995994568        6.00999991099040      -0.181784569542355     
   2.70449995994568        6.31049990653992      -0.148360030521038     
   2.70449995994568        6.61099990208944      -0.117856681248689     
   2.70449995994568        6.91149989763896      -9.436288299878483E-002
   2.70449995994568        7.21199989318848      -7.961075855025032E-002
   3.00499995549520       0.000000000000000E+000 -0.316124737707775     
   3.00499995549520       0.300499995549520      -0.353390189063961     
   3.00499995549520       0.600999991099040      -0.399530444107576     
   3.00499995549520       0.901499986648560      -0.447283927963631     
   3.00499995549520        1.20199998219808      -0.487103636028785     
   3.00499995549520        1.50249997774760      -0.517112449177710     
   3.00499995549520        1.80299997329712      -0.535335882574693     
   3.00499995549520        2.10349996884664      -0.541305389003145     
   3.00499995549520        2.40399996439616      -0.536517357274816     
   3.00499995549520        2.70449995994568      -0.523286574730333     
   3.00499995549520        3.00499995549520      -0.503822199744565     
   3.00499995549520        3.30549995104472      -0.479662402464923     
   3.00499995549520        3.60599994659424      -0.451623903844827     
   3.00499995549520        3.90649994214376      -0.420353936953140     
   3.00499995549520        4.20699993769328      -0.386823797819444     
   3.00499995549520        4.50749993324280      -0.352178770001262     
   3.00499995549520        4.80799992879232      -0.317303038549919     
   3.00499995549520        5.10849992434184      -0.282567282086180     
   3.00499995549520        5.40899991989136      -0.247790369991125     
   3.00499995549520        5.70949991544088      -0.212344590307979     
   3.00499995549520        6.00999991099040      -0.175319300166791     
   3.00499995549520        6.31049990653992      -0.136617941584255     
   3.00499995549520        6.61099990208944      -0.101086622094443     
   3.00499995549520        6.91149989763896      -7.512224612375985E-002
   3.00499995549520        7.21199989318848      -6.108738039589648E-002
   3.30549995104472       0.000000000000000E+000 -0.287651643436767     
   3.30549995104472       0.300499995549520      -0.314000694337168     
   3.30549995104472       0.600999991099040      -0.354852017735903     
   3.30549995104472       0.901499986648560      -0.403130310144967     
   3.30549995104472        1.20199998219808      -0.444602440325373     
   3.30549995104472        1.50249997774760      -0.475086997909347     
   3.30549995104472        1.80299997329712      -0.494930671288155     
   3.30549995104472        2.10349996884664      -0.503890811736400     
   3.30549995104472        2.40399996439616      -0.503138824189893     
   3.30549995104472        2.70449995994568      -0.494471176374898     
   3.30549995104472        3.00499995549520      -0.479658330834966     
   3.30549995104472        3.30549995104472      -0.459947814702288     
   3.30549995104472        3.60599994659424      -0.435832117713386     
   3.30549995104472        3.90649994214376      -0.407724622229971     
   3.30549995104472        4.20699993769328      -0.376755979482074     
   3.30549995104472        4.50749993324280      -0.344240343904210     
   3.30549995104472        4.80799992879232      -0.311011537112070     
   3.30549995104472        5.10849992434184      -0.277320422023118     
   3.30549995104472        5.40899991989136      -0.242846682436283     
   3.30549995104472        5.70949991544088      -0.206663711758806     
   3.30549995104472        6.00999991099040      -0.166943420593671     
   3.30549995104472        6.31049990653992      -0.123856742381598     
   3.30549995104472        6.61099990208944      -8.324466089186086E-002
   3.30549995104472        6.91149989763896      -5.538141369968128E-002
   3.30549995104472        7.21199989318848      -4.306935019582625E-002
   3.60599994659424       0.000000000000000E+000 -0.256628316050089     
   3.60599994659424       0.300499995549520      -0.283488619941189     
   3.60599994659424       0.600999991099040      -0.316435561248374     
   3.60599994659424       0.901499986648560      -0.360068769464546     
   3.60599994659424        1.20199998219808      -0.400148349293404     
   3.60599994659424        1.50249997774760      -0.430578179226989     
   3.60599994659424        1.80299997329712      -0.451686337428656     
   3.60599994659424        2.10349996884664      -0.463466267108314     
   3.60599994659424        2.40399996439616      -0.466587808199282     
   3.60599994659424        2.70449995994568      -0.462208537293913     
   3.60599994659424        3.00499995549520      -0.451619051807880     
   3.60599994659424        3.30549995104472      -0.435830817639234     
   3.60599994659424        3.60599994659424      -0.415219927039832     
   3.60599994659424        3.90649994214376      -0.390165756936226     
   3.60599994659424        4.20699993769328      -0.361961546261665     
   3.60599994659424        4.50749993324280      -0.331987225958016     
   3.60599994659424        4.80799992879232      -0.300964677859318     
   3.60599994659424        5.10849992434184      -0.269009456048619     
   3.60599994659424        5.40899991989136      -0.235724143805035     
   3.60599994659424        5.70949991544088      -0.200105386172050     
   3.60599994659424        6.00999991099040      -0.160019311645539     
   3.60599994659424        6.31049990653992      -0.115847823324655     
   3.60599994659424        6.61099990208944      -7.358051094817557E-002
   3.60599994659424        6.91149989763896      -4.486121295475828E-002
   3.60599994659424        7.21199989318848      -2.811862820057572E-002
   3.90649994214376       0.000000000000000E+000 -0.245025280315287     
   3.90649994214376       0.300499995549520      -0.266923914806004     
   3.90649994214376       0.600999991099040      -0.290845969110611     
   3.90649994214376       0.901499986648560      -0.324671131722127     
   3.90649994214376        1.20199998219808      -0.359174009062646     
   3.90649994214376        1.50249997774760      -0.387609618902488     
   3.90649994214376        1.80299997329712      -0.408817430021456     
   3.90649994214376        2.10349996884664      -0.422435593819689     
   3.90649994214376        2.40399996439616      -0.428513186396995     
   3.90649994214376        2.70449995994568      -0.427549831645067     
   3.90649994214376        3.00499995549520      -0.420350174526534     
   3.90649994214376        3.30549995104472      -0.407723422800401     
   3.90649994214376        3.60599994659424      -0.390165417366675     
   3.90649994214376        3.90649994214376      -0.368259882169419     
   3.90649994214376        4.20699993769328      -0.343218834543155     
   3.90649994214376        4.50749993324280      -0.316238795408006     
   3.90649994214376        4.80799992879232      -0.287912209429134     
   3.90649994214376        5.10849992434184      -0.258300928975931     
   3.90649994214376        5.40899991989136      -0.227092023629680     
   3.90649994214376        5.70949991544088      -0.193579521134626     
   3.90649994214376        6.00999991099040      -0.156273854475799     
   3.90649994214376        6.31049990653992      -0.115618538814448     
   3.90649994214376        6.61099990208944      -7.755620817168682E-002
   3.90649994214376        6.91149989763896      -5.191148509759409E-002
   3.90649994214376        7.21199989318848      -4.055670941137539E-002
   4.20699993769328       0.000000000000000E+000 -0.231672257220930     
   4.20699993769328       0.300499995549520      -0.250809653196048     
   4.20699993769328       0.600999991099040      -0.270073683699164     
   4.20699993769328       0.901499986648560      -0.295492657031371     
   4.20699993769328        1.20199998219808      -0.323344578354426     
   4.20699993769328        1.50249997774760      -0.348228215402119     
   4.20699993769328        1.80299997329712      -0.368247791322835     
   4.20699993769328        2.10349996884664      -0.382400353870823     
   4.20699993769328        2.40399996439616      -0.390163039897521     
   4.20699993769328        2.70449995994568      -0.391503290219975     
   4.20699993769328        3.00499995549520      -0.386821751363511     
   4.20699993769328        3.30549995104472      -0.376755351444856     
   4.20699993769328        3.60599994659424      -0.361961184931487     
   4.20699993769328        3.90649994214376      -0.343218620359248     
   4.20699993769328        4.20699993769328      -0.321533559215300     
   4.20699993769328        4.50749993324280      -0.297797237589775     
   4.20699993769328        4.80799992879232      -0.272468284972619     
   4.20699993769328        5.10849992434184      -0.245628019806794     
   4.20699993769328        5.40899991989136      -0.217166040373385     
   4.20699993769328        5.70949991544088      -0.186880881484074     
   4.20699993769328        6.00999991099040      -0.154438157181595     
   4.20699993769328        6.31049990653992      -0.120211036751559     
   4.20699993769328        6.61099990208944      -8.913625996635195E-002
   4.20699993769328        6.91149989763896      -6.718027427614041E-002
   4.20699993769328        7.21199989318848      -5.577311177080144E-002
   4.50749993324280       0.000000000000000E+000 -0.212548353287945     
   4.50749993324280       0.300499995549520      -0.230154477498731     
   4.50749993324280       0.600999991099040      -0.247869110372313     
   4.50749993324280       0.901499986648560      -0.268810740235963     
   4.50749993324280        1.20199998219808      -0.291354768076017     
   4.50749993324280        1.50249997774760      -0.312560898363103     
   4.50749993324280        1.80299997329712      -0.330627272745365     
   4.50749993324280        2.10349996884664      -0.344221939284228     
   4.50749993324280        2.40399996439616      -0.352490987577593     
   4.50749993324280        2.70449995994568      -0.355094737198478     
   4.50749993324280        3.00499995549520      -0.352178585415760     
   4.50749993324280        3.30549995104472      -0.344240668949683     
   4.50749993324280        3.60599994659424      -0.331987367518000     
   4.50749993324280        3.90649994214376      -0.316238895970933     
   4.50749993324280        4.20699993769328      -0.297797467065467     
   4.50749993324280        4.50749993324280      -0.277285018789941     
   4.50749993324280        4.80799992879232      -0.255039443449050     
   4.50749993324280        5.10849992434184      -0.231183646384150     
   4.50749993324280        5.40899991989136      -0.205818252894969     
   4.50749993324280        5.70949991544088      -0.179181196845476     
   4.50749993324280        6.00999991099040      -0.151735004713523     
   4.50749993324280        6.31049990653992      -0.124340132775871     
   4.50749993324280        6.61099990208944      -9.954869436392956E-002
   4.50749993324280        6.91149989763896      -8.106925267763446E-002
   4.50749993324280        7.21199989318848      -6.998717643566706E-002
   4.80799992879232       0.000000000000000E+000 -0.191449280567634     
   4.80799992879232       0.300499995549520      -0.207341582315823     
   4.80799992879232       0.600999991099040      -0.224205060556433     
   4.80799992879232       0.901499986648560      -0.242564386812645     
   4.80799992879232        1.20199998219808      -0.261591316627277     
   4.80799992879232        1.50249997774760      -0.279827607325357     
   4.80799992879232        1.80299997329712      -0.295791620305782     
   4.80799992879232        2.10349996884664      -0.308200639143533     
   4.80799992879232        2.40399996439616      -0.316135733372026     
   4.80799992879232        2.70449995994568      -0.319155944751583     
   4.80799992879232        3.00499995549520      -0.317305006128217     
   4.80799992879232        3.30549995104472      -0.311013569075375     
   4.80799992879232        3.60599994659424      -0.300966333560873     
   4.80799992879232        3.90649994214376      -0.287913668137731     
   4.80799992879232        4.20699993769328      -0.272469671577388     
   4.80799992879232        4.50749993324280      -0.255040433440867     
   4.80799992879232        4.80799992879232      -0.235849724476632     
   4.80799992879232        5.10849992434184      -0.215044570782407     
   4.80799992879232        5.40899991989136      -0.192872177848501     
   4.80799992879232        5.70949991544088      -0.169818221538171     
   4.80799992879232        6.00999991099040      -0.146660028743055     
   4.80799992879232        6.31049990653992      -0.124496848254677     
   4.80799992879232        6.61099990208944      -0.104814463574943     
   4.80799992879232        6.91149989763896      -8.932188229054512E-002
   4.80799992879232        7.21199989318848      -7.912858521597026E-002
   5.10849992434184       0.000000000000000E+000 -0.169271438151154     
   5.10849992434184       0.300499995549520      -0.183381614512696     
   5.10849992434184       0.600999991099040      -0.199104310155637     
   5.10849992434184       0.901499986648560      -0.216026753705567     
   5.10849992434184        1.20199998219808      -0.233072784646343     
   5.10849992434184        1.50249997774760      -0.249186327782846     
   5.10849992434184        1.80299997329712      -0.263261241637214     
   5.10849992434184        2.10349996884664      -0.274239062711972     
   5.10849992434184        2.40399996439616      -0.281304150413344     
   5.10849992434184        2.70449995994568      -0.284056673234845     
   5.10849992434184        3.00499995549520      -0.282571849565858     
   5.10849992434184        3.30549995104472      -0.277324999705456     
   5.10849992434184        3.60599994659424      -0.269013595104459     
   5.10849992434184        3.90649994214376      -0.258304630814898     
   5.10849992434184        4.20699993769328      -0.245631258598405     
   5.10849992434184        4.50749993324280      -0.231186112605461     
   5.10849992434184        4.80799992879232      -0.215045848163855     
   5.10849992434184        5.10849992434184      -0.197326487213494     
   5.10849992434184        5.40899991989136      -0.178325161654765     
   5.10849992434184        5.70949991544088      -0.158593893353210     
   5.10849992434184        6.00999991099040      -0.138928234755451     
   5.10849992434184        6.31049990653992      -0.120314545927013     
   5.10849992434184        6.61099990208944      -0.103879318488497     
   5.10849992434184        6.91149989763896      -9.078893540578312E-002
   5.10849992434184        7.21199989318848      -8.172027982318640E-002
   5.40899991989136       0.000000000000000E+000 -0.147331343563923     
   5.40899991989136       0.300499995549520      -0.159593822346957     
   5.40899991989136       0.600999991099040      -0.174053592601567     
   5.40899991989136       0.901499986648560      -0.189686612536061     
   5.40899991989136        1.20199998219808      -0.205441369100550     
   5.40899991989136        1.50249997774760      -0.220122120962906     
   5.40899991989136        1.80299997329712      -0.232596454642755     
   5.40899991989136        2.10349996884664      -0.242054651411388     
   5.40899991989136        2.40399996439616      -0.247846120567759     
   5.40899991989136        2.70449995994568      -0.249687524791755     
   5.40899991989136        3.00499995549520      -0.247797614326469     
   5.40899991989136        3.30549995104472      -0.242853941098094     
   5.40899991989136        3.60599994659424      -0.235730731662056     
   5.40899991989136        3.90649994214376      -0.227097696437079     
   5.40899991989136        4.20699993769328      -0.217170691977235     
   5.40899991989136        4.50749993324280      -0.205821686605277     
   5.40899991989136        4.80799992879232      -0.192874204691272     
   5.40899991989136        5.10849992434184      -0.178325891808388     
   5.40899991989136        5.40899991989136      -0.162433684869245     
   5.40899991989136        5.70949991544088      -0.145700410640425     
   5.40899991989136        6.00999991099040      -0.128816742831160     
   5.40899991989136        6.31049990653992      -0.112725878532967     
   5.40899991989136        6.61099990208944      -9.846120618393987E-002
   5.40899991989136        6.91149989763896      -8.695808440969369E-002
   5.40899991989136        7.21199989318848      -7.893325814957311E-002
   5.70949991544088       0.000000000000000E+000 -0.126062435545318     
   5.70949991544088       0.300499995549520      -0.136678427176698     
   5.70949991544088       0.600999991099040      -0.150079507834552     
   5.70949991544088       0.901499986648560      -0.164737680867102     
   5.70949991544088        1.20199998219808      -0.179264599610831     
   5.70949991544088        1.50249997774760      -0.192562170965545     
   5.70949991544088        1.80299997329712      -0.203590294900862     
   5.70949991544088        2.10349996884664      -0.211428281206438     
   5.70949991544088        2.40399996439616      -0.215520015377337     
   5.70949991544088        2.70449995994568      -0.215683493244828     
   5.70949991544088        3.00499995549520      -0.212353730431793     
   5.70949991544088        3.30549995104472      -0.206672466399174     
   5.70949991544088        3.60599994659424      -0.200112650027596     
   5.70949991544088        3.90649994214376      -0.193585030559925     
   5.70949991544088        4.20699993769328      -0.186884879356802     
   5.70949991544088        4.50749993324280      -0.179183867690991     
   5.70949991544088        4.80799992879232      -0.169819638590787     
   5.70949991544088        5.10849992434184      -0.158594285549691     
   5.70949991544088        5.40899991989136      -0.145700282606051     
   5.70949991544088        5.70949991544088      -0.131596255556732     
   5.70949991544088        6.00999991099040      -0.117054235436215     
   5.70949991544088        6.31049990653992      -0.102911646045566     
   5.70949991544088        6.61099990208944      -9.004306336720562E-002
   5.70949991544088        6.91149989763896      -7.946420369533688E-002
   5.70949991544088        7.21199989318848      -7.221006399638275E-002
   6.00999991099040       0.000000000000000E+000 -0.104581170977679     
   6.00999991099040       0.300499995549520      -0.113863367619419     
   6.00999991099040       0.600999991099040      -0.126916943141353     
   6.00999991099040       0.901499986648560      -0.141122619778783     
   6.00999991099040        1.20199998219808      -0.154741410538886     
   6.00999991099040        1.50249997774760      -0.166772084799059     
   6.00999991099040        1.80299997329712      -0.176324609814267     
   6.00999991099040        2.10349996884664      -0.182428082657273     
   6.00999991099040        2.40399996439616      -0.184338757248951     
   6.00999991099040        2.70449995994568      -0.181793316803184     
   6.00999991099040        3.00499995549520      -0.175328951260390     
   6.00999991099040        3.30549995104472      -0.166951350426426     
   6.00999991099040        3.60599994659424      -0.160023530115288     
   6.00999991099040        3.90649994214376      -0.156274880542292     
   6.00999991099040        4.20699993769328      -0.154437901883772     
   6.00999991099040        4.50749993324280      -0.151734428648351     
   6.00999991099040        4.80799992879232      -0.146659227033647     
   6.00999991099040        5.10849992434184      -0.138927237180570     
   6.00999991099040        5.40899991989136      -0.128815766182523     
   6.00999991099040        5.70949991544088      -0.117053676911832     
   6.00999991099040        6.00999991099040      -0.104434817699862     
   6.00999991099040        6.31049990653992      -9.161991980910822E-002
   6.00999991099040        6.61099990208944      -7.932093127096639E-002
   6.00999991099040        6.91149989763896      -6.871024804308619E-002
   6.00999991099040        7.21199989318848      -6.173733239309784E-002
   6.31049990653992       0.000000000000000E+000 -8.059029147883853E-002
   6.31049990653992       0.300499995549520      -8.944908716239276E-002
   6.31049990653992       0.600999991099040      -0.103563867133276     
   6.31049990653992       0.901499986648560      -0.118244122526256     
   6.31049990653992        1.20199998219808      -0.131637668068011     
   6.31049990653992        1.50249997774760      -0.142890734554119     
   6.31049990653992        1.80299997329712      -0.151187665754660     
   6.31049990653992        2.10349996884664      -0.155558804452841     
   6.31049990653992        2.40399996439616      -0.154900157049921     
   6.31049990653992        2.70449995994568      -0.148368578597816     
   6.31049990653992        3.00499995549520      -0.136627180750347     
   6.31049990653992        3.30549995104472      -0.123861542495324     
   6.31049990653992        3.60599994659424      -0.115844769098863     
   6.31049990653992        3.90649994214376      -0.115610116075902     
   6.31049990653992        4.20699993769328      -0.120202440277180     
   6.31049990653992        4.50749993324280      -0.124334078149824     
   6.31049990653992        4.80799992879232      -0.124492908556864     
   6.31049990653992        5.10849992434184      -0.120311806257569     
   6.31049990653992        5.40899991989136      -0.112724030739418     
   6.31049990653992        5.70949991544088      -0.102910706737749     
   6.31049990653992        6.00999991099040      -9.161968412242548E-002
   6.31049990653992        6.31049990653992      -7.938389544713867E-002
   6.31049990653992        6.61099990208944      -6.666071646705832E-002
   6.31049990653992        6.91149989763896      -5.452546097662846E-002
   6.31049990653992        7.21199989318848      -4.671054583259701E-002
   6.61099990208944       0.000000000000000E+000 -5.211306872346807E-002
   6.61099990208944       0.300499995549520      -6.200848764531216E-002
   6.61099990208944       0.600999991099040      -7.849390518752469E-002
   6.61099990208944       0.901499986648560      -9.510244369355926E-002
   6.61099990208944        1.20199998219808      -0.109779066980432     
   6.61099990208944        1.50249997774760      -0.121266032605566     
   6.61099990208944        1.80299997329712      -0.128879371139213     
   6.61099990208944        2.10349996884664      -0.131788105845395     
   6.61099990208944        2.40399996439616      -0.128601274026496     
   6.61099990208944        2.70449995994568      -0.117864179762501     
   6.61099990208944        3.00499995549520      -0.101094863576787     
   6.61099990208944        3.30549995104472      -8.324604331140596E-002
   6.61099990208944        3.60599994659424      -7.356863339374833E-002
   6.61099990208944        3.90649994214376      -7.753693977093837E-002
   6.61099990208944        4.20699993769328      -8.911951889240159E-002
   6.61099990208944        4.50749993324280      -9.953760306025508E-002
   6.61099990208944        4.80799992879232      -0.104808088700805     
   6.61099990208944        5.10849992434184      -0.103875627564540     
   6.61099990208944        5.40899991989136      -9.845928132997385E-002
   6.61099990208944        5.70949991544088      -9.004244859644865E-002
   6.61099990208944        6.00999991099040      -7.932104709063589E-002
   6.61099990208944        6.31049990653992      -6.666084336375933E-002
   6.61099990208944        6.61099990208944      -5.252000896821497E-002
   6.61099990208944        6.91149989763896      -3.760322336990646E-002
   6.61099990208944        7.21199989318848      -2.718330644834299E-002
   6.91149989763896       0.000000000000000E+000 -2.556151706539148E-002
   6.91149989763896       0.300499995549520      -3.441295853587593E-002
   6.91149989763896       0.600999991099040      -5.035288622778628E-002
   6.91149989763896       0.901499986648560      -7.184598933400189E-002
   6.91149989763896        1.20199998219808      -9.004604527082444E-002
   6.91149989763896        1.50249997774760      -0.102828943634577     
   6.91149989763896        1.80299997329712      -0.110359771539044     
   6.91149989763896        2.10349996884664      -0.112361261295984     
   6.91149989763896        2.40399996439616      -0.107409373013212     
   6.91149989763896        2.70449995994568      -9.436689076553853E-002
   6.91149989763896        3.00499995549520      -7.512748462818492E-002
   6.91149989763896        3.30549995104472      -5.538034161216614E-002
   6.91149989763896        3.60599994659424      -4.484444577240221E-002
   6.91149989763896        3.90649994214376      -5.188813226014680E-002
   6.91149989763896        4.20699993769328      -6.716213317323468E-002
   6.91149989763896        4.50749993324280      -8.105794242390671E-002
   6.91149989763896        4.80799992879232      -8.931573556156393E-002
   6.91149989763896        5.10849992434184      -9.078605981181936E-002
   6.91149989763896        5.40899991989136      -8.695728851639727E-002
   6.91149989763896        5.70949991544088      -7.946474141163204E-002
   6.91149989763896        6.00999991099040      -6.871123005447677E-002
   6.91149989763896        6.31049990653992      -5.452574691737073E-002
   6.91149989763896        6.61099990208944      -3.760229601007691E-002
   6.91149989763896        6.91149989763896      -2.207534212358148E-002
   6.91149989763896        7.21199989318848      -1.123243341265673E-002
   7.21199989318848       0.000000000000000E+000 -1.154411787483467E-002
   7.21199989318848       0.300499995549520      -1.199325833160409E-002
   7.21199989318848       0.600999991099040      -2.810495207975752E-002
   7.21199989318848       0.901499986648560      -5.479720846154181E-002
   7.21199989318848        1.20199998219808      -7.555121629626882E-002
   7.21199989318848        1.50249997774760      -8.908400293386061E-002
   7.21199989318848        1.80299997329712      -9.657927822539780E-002
   7.21199989318848        2.10349996884664      -9.819827168356197E-002
   7.21199989318848        2.40399996439616      -9.278160229501831E-002
   7.21199989318848        2.70449995994568      -7.960766368939702E-002
   7.21199989318848        3.00499995549520      -6.108271350955949E-002
   7.21199989318848        3.30549995104472      -4.305923438538124E-002
   7.21199989318848        3.60599994659424      -2.810570487704489E-002
   7.21199989318848        3.90649994214376      -4.054274529936420E-002
   7.21199989318848        4.20699993769328      -5.576260458504617E-002
   7.21199989318848        4.50749993324280      -6.998105287605702E-002
   7.21199989318848        4.80799992879232      -7.912589218131325E-002
   7.21199989318848        5.10849992434184      -8.172001252089706E-002
   7.21199989318848        5.40899991989136      -7.893461269734019E-002
   7.21199989318848        5.70949991544088      -7.221227373789624E-002
   7.21199989318848        6.00999991099040      -6.173944546799882E-002
   7.21199989318848        6.31049990653992      -4.671134903717154E-002
   7.21199989318848        6.61099990208944      -2.718205451193372E-002
   7.21199989318848        6.91149989763896      -1.123160323553597E-002
   7.21199989318848        7.21199989318848      -5.571180673531528E-003
